LOCKONSYSTEMINFO {
filename="ktrobofcs6.txt";
pointnum=605;
dmin=150.000000;
dmax=300.000000;
mintate=30.000000;
maxtate=30.000000;
minyoko=30.000000;
maxyoko=30.000000;
dtate=6.000000;
dyoko=6.000000;
dd=40.000000;
}
APWITHINDEX {
0,-30.000000,-150.000000,-30.000000,0.285080,-1.127234,0.000000,0.000000,-0.200000,-0.214597;
}
APWITHINDEX {
1,-24.000000,-150.000000,-30.000000,0.320538,-1.130697,0.000000,0.000000,-0.165250,-0.081496;
}
APWITHINDEX {
2,-18.000000,-150.000000,-30.000000,0.094660,-1.288903,0.000000,0.000000,-0.200000,-0.166855;
}
APWITHINDEX {
3,-12.000000,-150.000000,-30.000000,0.140682,-1.292043,0.000000,0.000000,-0.163239,-0.042718;
}
APWITHINDEX {
4,-6.000000,-150.000000,-30.000000,-0.159829,-1.507158,0.000000,0.000000,-0.200000,-0.127172;
}
APWITHINDEX {
5,0.000000,-150.000000,-30.000000,0.161841,-1.269412,0.000000,0.000000,-0.118518,0.006062;
}
APWITHINDEX {
6,6.000000,-150.000000,-30.000000,-0.193295,-1.570000,0.000000,0.000000,-0.018540,0.098707;
}
APWITHINDEX {
7,12.000000,-150.000000,-30.000000,-0.370000,-1.570000,0.000000,0.000000,-0.026034,0.103389;
}
APWITHINDEX {
8,18.000000,-150.000000,-30.000000,-0.299274,-1.570000,0.000000,0.000000,0.009153,0.137989;
}
APWITHINDEX {
9,24.000000,-150.000000,-30.000000,-0.370000,-1.570000,0.000000,0.000000,0.014955,0.178376;
}
APWITHINDEX {
10,30.000000,-150.000000,-30.000000,-0.327331,-1.570000,0.000000,0.000000,0.064521,0.247732;
}
APWITHINDEX {
11,-30.000000,-150.000000,-24.000000,0.454245,-1.001668,0.000000,0.000000,-0.200000,-0.174817;
}
APWITHINDEX {
12,-24.000000,-150.000000,-24.000000,0.501684,-0.997704,0.000000,0.000000,-0.147395,-0.043483;
}
APWITHINDEX {
13,-18.000000,-150.000000,-24.000000,0.272313,-1.161358,0.000000,0.000000,-0.176732,-0.108689;
}
APWITHINDEX {
14,-12.000000,-150.000000,-24.000000,0.365708,-1.134441,0.000000,0.000000,-0.135934,0.024369;
}
APWITHINDEX {
15,-6.000000,-150.000000,-24.000000,0.138739,-1.287393,0.000000,0.000000,-0.157660,-0.045915;
}
APWITHINDEX {
16,0.000000,-150.000000,-24.000000,0.313576,-1.161807,0.000000,0.000000,-0.092902,0.058556;
}
APWITHINDEX {
17,6.000000,-150.000000,-24.000000,-0.164153,-1.570000,0.000000,0.000000,0.008187,0.130391;
}
APWITHINDEX {
18,12.000000,-150.000000,-24.000000,-0.255502,-1.570000,0.000000,0.000000,0.011024,0.128365;
}
APWITHINDEX {
19,18.000000,-150.000000,-24.000000,-0.224964,-1.570000,0.000000,0.000000,0.024188,0.160254;
}
APWITHINDEX {
20,24.000000,-150.000000,-24.000000,-0.248746,-1.570000,0.000000,0.000000,0.046755,0.208006;
}
APWITHINDEX {
21,30.000000,-150.000000,-24.000000,-0.269074,-1.570000,0.000000,0.000000,0.083579,0.274104;
}
APWITHINDEX {
22,-30.000000,-150.000000,-18.000000,0.640592,-0.867860,0.000000,0.000000,-0.177900,-0.120809;
}
APWITHINDEX {
23,-24.000000,-150.000000,-18.000000,0.654603,-0.888419,0.000000,0.000000,-0.137090,-0.012589;
}
APWITHINDEX {
24,-18.000000,-150.000000,-18.000000,0.440323,-1.042262,0.000000,0.000000,-0.152552,-0.056022;
}
APWITHINDEX {
25,-12.000000,-150.000000,-18.000000,0.574216,-0.999300,0.000000,0.000000,-0.114652,0.099917;
}
APWITHINDEX {
26,-6.000000,-150.000000,-18.000000,0.301951,-1.171764,0.000000,0.000000,-0.137449,0.001013;
}
APWITHINDEX {
27,0.000000,-150.000000,-18.000000,0.425390,-1.088013,0.000000,0.000000,-0.071524,0.110008;
}
APWITHINDEX {
28,6.000000,-150.000000,-18.000000,-0.141062,-1.570000,0.000000,0.000000,0.016238,0.136431;
}
APWITHINDEX {
29,12.000000,-150.000000,-18.000000,-0.003678,-1.570000,0.000000,0.000000,0.044420,0.140815;
}
APWITHINDEX {
30,18.000000,-150.000000,-18.000000,-0.225895,-1.570000,0.000000,0.000000,0.041243,0.194615;
}
APWITHINDEX {
31,24.000000,-150.000000,-18.000000,-0.097019,-1.570000,0.000000,0.000000,0.074167,0.232106;
}
APWITHINDEX {
32,30.000000,-150.000000,-18.000000,-0.190549,-1.570000,0.000000,0.000000,0.101698,0.293207;
}
APWITHINDEX {
33,-30.000000,-150.000000,-12.000000,0.802732,-0.753946,0.000000,0.000000,-0.167430,-0.085288;
}
APWITHINDEX {
34,-24.000000,-150.000000,-12.000000,0.752083,-0.824290,0.000000,0.000000,-0.139371,0.004885;
}
APWITHINDEX {
35,-18.000000,-150.000000,-12.000000,0.612233,-0.920765,0.000000,0.000000,-0.136835,-0.013474;
}
APWITHINDEX {
36,-12.000000,-150.000000,-12.000000,0.730530,-0.924352,0.000000,0.000000,-0.108427,0.188956;
}
APWITHINDEX {
37,-6.000000,-150.000000,-12.000000,0.384982,-1.122056,0.000000,0.000000,-0.134015,0.031472;
}
APWITHINDEX {
38,0.000000,-150.000000,-12.000000,0.466971,-1.072169,0.000000,0.000000,-0.058298,0.156068;
}
APWITHINDEX {
39,6.000000,-150.000000,-12.000000,-0.060716,-1.570000,0.000000,0.000000,0.035158,0.142033;
}
APWITHINDEX {
40,12.000000,-150.000000,-12.000000,-0.193201,-1.570000,0.000000,0.000000,0.049665,0.198512;
}
APWITHINDEX {
41,18.000000,-150.000000,-12.000000,0.064354,-1.525463,0.000004,0.000000,0.070996,0.179022;
}
APWITHINDEX {
42,24.000000,-150.000000,-12.000000,-0.132548,-1.570000,0.000000,0.000000,0.101805,0.283020;
}
APWITHINDEX {
43,30.000000,-150.000000,-12.000000,-0.168236,-1.570000,0.000002,0.000000,0.121661,0.315720;
}
APWITHINDEX {
44,-30.000000,-150.000000,-6.000000,0.826767,-0.736310,0.000022,0.000000,-0.149563,-0.059677;
}
APWITHINDEX {
45,-24.000000,-150.000000,-6.000000,0.754826,-0.811312,0.000027,0.000000,-0.121579,0.009854;
}
APWITHINDEX {
46,-18.000000,-150.000000,-6.000000,0.716936,-0.862795,0.000034,0.000000,-0.099487,0.076811;
}
APWITHINDEX {
47,-12.000000,-150.000000,-6.000000,0.644731,-0.919725,0.000000,0.000000,-0.119653,0.051090;
}
APWITHINDEX {
48,-6.000000,-150.000000,-6.000000,0.642660,-0.926092,0.000033,0.000000,-0.079274,0.112793;
}
APWITHINDEX {
49,0.000000,-150.000000,-6.000000,0.527553,-1.009065,0.000026,0.000000,-0.057232,0.130271;
}
APWITHINDEX {
50,6.000000,-150.000000,-6.000000,0.222626,-1.338647,0.002174,0.000000,0.053883,0.163460;
}
APWITHINDEX {
51,12.000000,-150.000000,-6.000000,-0.013915,-1.548548,0.000000,0.000000,0.076839,0.216620;
}
APWITHINDEX {
52,18.000000,-150.000000,-6.000000,-0.046968,-1.560670,0.000243,0.000000,0.093854,0.255247;
}
APWITHINDEX {
53,24.000000,-150.000000,-6.000000,-0.083776,-1.570000,0.000801,0.000000,0.109489,0.294710;
}
APWITHINDEX {
54,30.000000,-150.000000,-6.000000,-0.156284,-1.570000,0.001172,0.000000,0.133323,0.347109;
}
APWITHINDEX {
55,-30.000000,-150.000000,0.000000,0.890368,-0.684609,0.000073,0.000000,-0.124999,-0.030676;
}
APWITHINDEX {
56,-24.000000,-150.000000,0.000000,0.841590,-0.737960,0.000085,0.000000,-0.097600,0.031930;
}
APWITHINDEX {
57,-18.000000,-150.000000,0.000000,0.829392,-0.763713,0.000103,0.000000,-0.075118,0.089636;
}
APWITHINDEX {
58,-12.000000,-150.000000,0.000000,0.874926,-0.744696,0.000127,0.000000,-0.061928,0.135496;
}
APWITHINDEX {
59,-6.000000,-150.000000,0.000000,0.768503,-0.815650,0.000101,0.000000,-0.059376,0.118121;
}
APWITHINDEX {
60,0.000000,-150.000000,0.000000,0.651584,-0.903259,0.000084,0.000000,-0.044411,0.131750;
}
APWITHINDEX {
61,6.000000,-150.000000,0.000000,0.401752,-1.157564,0.006686,0.000000,0.077350,0.201306;
}
APWITHINDEX {
62,12.000000,-150.000000,0.000000,0.215799,-1.327827,0.004016,0.000000,0.084879,0.223208;
}
APWITHINDEX {
63,18.000000,-150.000000,0.000000,0.175518,-1.337450,0.004778,0.000000,0.104438,0.270890;
}
APWITHINDEX {
64,24.000000,-150.000000,0.000000,0.993562,-0.446619,0.031585,0.000000,0.200000,0.343144;
}
APWITHINDEX {
65,30.000000,-150.000000,0.000000,0.992638,-0.442263,0.035671,0.000000,0.200000,0.380325;
}
APWITHINDEX {
66,-30.000000,-150.000000,6.000000,1.110563,-0.518039,0.000000,0.000000,-0.076706,0.057343;
}
APWITHINDEX {
67,-24.000000,-150.000000,6.000000,0.950406,-0.608015,0.000000,0.000000,-0.022140,0.149573;
}
APWITHINDEX {
68,-18.000000,-150.000000,6.000000,1.014902,-0.569201,0.000000,0.000000,-0.040523,0.125950;
}
APWITHINDEX {
69,-12.000000,-150.000000,6.000000,0.650276,-0.803414,0.000500,0.000000,0.005050,0.229203;
}
APWITHINDEX {
70,-6.000000,-150.000000,6.000000,0.940441,-0.604256,0.000000,0.000000,-0.000382,0.197666;
}
APWITHINDEX {
71,0.000000,-150.000000,6.000000,0.891640,-0.621525,0.007042,0.000000,0.052887,0.250855;
}
APWITHINDEX {
72,6.000000,-150.000000,6.000000,1.211452,-0.244206,0.022261,0.000000,0.191984,0.208759;
}
APWITHINDEX {
73,12.000000,-150.000000,6.000000,1.408582,-0.052193,0.030270,0.000000,0.200000,0.247938;
}
APWITHINDEX {
74,18.000000,-150.000000,6.000000,1.282663,-0.165402,0.033205,0.000000,0.200000,0.296673;
}
APWITHINDEX {
75,24.000000,-150.000000,6.000000,1.201136,-0.241907,0.035537,0.000000,0.200000,0.335789;
}
APWITHINDEX {
76,30.000000,-150.000000,6.000000,1.143972,-0.296284,0.038934,0.000000,0.200000,0.382073;
}
APWITHINDEX {
77,-30.000000,-150.000000,12.000000,1.133370,-0.504478,0.000000,0.000000,-0.086383,0.051803;
}
APWITHINDEX {
78,-24.000000,-150.000000,12.000000,0.921952,-0.626562,0.000000,0.000000,-0.025161,0.163947;
}
APWITHINDEX {
79,-18.000000,-150.000000,12.000000,1.146854,-0.476256,0.000000,0.000000,-0.037201,0.120970;
}
APWITHINDEX {
80,-12.000000,-150.000000,12.000000,0.437532,-0.941964,0.000619,0.000000,0.013126,0.299299;
}
APWITHINDEX {
81,-6.000000,-150.000000,12.000000,1.100422,-0.481204,0.000000,0.000000,0.029958,0.231105;
}
APWITHINDEX {
82,0.000000,-150.000000,12.000000,0.848755,-0.643163,0.008767,0.000000,0.069034,0.290756;
}
APWITHINDEX {
83,6.000000,-150.000000,12.000000,1.500557,-0.005372,0.029629,0.000000,0.200000,0.262576;
}
APWITHINDEX {
84,12.000000,-150.000000,12.000000,1.399827,0.046229,0.026690,0.000000,0.200000,0.109310;
}
APWITHINDEX {
85,18.000000,-150.000000,12.000000,1.394623,-0.087498,0.033713,0.000000,0.200000,0.307508;
}
APWITHINDEX {
86,24.000000,-150.000000,12.000000,1.295375,-0.170653,0.036847,0.000000,0.200000,0.348485;
}
APWITHINDEX {
87,30.000000,-150.000000,12.000000,1.222777,-0.224910,0.041417,0.000000,0.200000,0.395551;
}
APWITHINDEX {
88,-30.000000,-150.000000,18.000000,1.257622,-0.408635,0.000000,0.000000,-0.060785,0.077137;
}
APWITHINDEX {
89,-24.000000,-150.000000,18.000000,1.048767,-0.532792,0.000000,0.000000,-0.007872,0.172578;
}
APWITHINDEX {
90,-18.000000,-150.000000,18.000000,1.269289,-0.376664,0.000000,0.000000,-0.000473,0.167504;
}
APWITHINDEX {
91,-12.000000,-150.000000,18.000000,0.807267,-0.682465,0.000587,0.000000,0.029661,0.269813;
}
APWITHINDEX {
92,-6.000000,-150.000000,18.000000,1.269354,-0.353445,0.000000,0.000000,0.055014,0.259921;
}
APWITHINDEX {
93,0.000000,-150.000000,18.000000,0.987602,-0.547656,0.007193,0.000000,0.068083,0.275055;
}
APWITHINDEX {
94,6.000000,-150.000000,18.000000,1.618193,0.060244,0.030123,0.000000,0.200000,0.289291;
}
APWITHINDEX {
95,12.000000,-150.000000,18.000000,1.446077,0.008767,0.029199,0.000000,0.200000,0.204975;
}
APWITHINDEX {
96,18.000000,-150.000000,18.000000,1.528208,0.015509,0.035223,0.000000,0.200000,0.319992;
}
APWITHINDEX {
97,24.000000,-150.000000,18.000000,1.312795,-0.152317,0.034400,0.000000,0.200000,0.318134;
}
APWITHINDEX {
98,30.000000,-150.000000,18.000000,1.337759,-0.142801,0.041737,0.000000,0.200000,0.402557;
}
APWITHINDEX {
99,-30.000000,-150.000000,24.000000,1.423375,-0.282896,0.000000,0.000000,-0.035501,0.107221;
}
APWITHINDEX {
100,-24.000000,-150.000000,24.000000,1.222806,-0.402165,0.000000,0.000000,0.016523,0.197104;
}
APWITHINDEX {
101,-18.000000,-150.000000,24.000000,1.431784,-0.254774,0.000000,0.000000,0.020677,0.191923;
}
APWITHINDEX {
102,-12.000000,-150.000000,24.000000,1.131023,-0.447667,0.000630,0.000000,0.056509,0.281359;
}
APWITHINDEX {
103,-6.000000,-150.000000,24.000000,1.419608,-0.242449,0.000000,0.000000,0.070582,0.275538;
}
APWITHINDEX {
104,0.000000,-150.000000,24.000000,1.169891,-0.416142,0.006092,0.000000,0.079189,0.281759;
}
APWITHINDEX {
105,6.000000,-150.000000,24.000000,1.362811,-0.274207,0.005277,0.000000,0.096275,0.301394;
}
APWITHINDEX {
106,12.000000,-150.000000,24.000000,1.644006,0.137842,0.034516,0.000000,0.200000,0.278019;
}
APWITHINDEX {
107,18.000000,-150.000000,24.000000,1.698474,0.154178,0.037778,0.000000,0.200000,0.335238;
}
APWITHINDEX {
108,24.000000,-150.000000,24.000000,1.467816,-0.038388,0.037045,0.000000,0.200000,0.347245;
}
APWITHINDEX {
109,30.000000,-150.000000,24.000000,1.484179,-0.028235,0.042912,0.000000,0.200000,0.409685;
}
APWITHINDEX {
110,-30.000000,-150.000000,30.000000,1.583929,-0.162338,0.000000,0.000000,-0.015286,0.133060;
}
APWITHINDEX {
111,-24.000000,-150.000000,30.000000,1.418841,-0.254127,0.000000,0.000000,0.044311,0.230629;
}
APWITHINDEX {
112,-18.000000,-150.000000,30.000000,1.572665,-0.150608,0.000000,0.000000,0.034455,0.208244;
}
APWITHINDEX {
113,-12.000000,-150.000000,30.000000,1.423790,-0.231487,0.000704,0.000000,0.087086,0.310825;
}
APWITHINDEX {
114,-6.000000,-150.000000,30.000000,1.543235,-0.152123,0.000000,0.000000,0.080609,0.284879;
}
APWITHINDEX {
115,0.000000,-150.000000,30.000000,1.371529,-0.267665,0.005348,0.000000,0.097531,0.302566;
}
APWITHINDEX {
116,6.000000,-150.000000,30.000000,1.789387,0.218322,0.037008,0.000000,0.200000,0.331000;
}
APWITHINDEX {
117,12.000000,-150.000000,30.000000,1.506777,-0.166672,0.004892,0.000000,0.112204,0.323342;
}
APWITHINDEX {
118,18.000000,-150.000000,30.000000,1.783263,0.222088,0.039853,0.000000,0.200000,0.352213;
}
APWITHINDEX {
119,24.000000,-150.000000,30.000000,1.679322,0.130173,0.041251,0.000000,0.200000,0.380406;
}
APWITHINDEX {
120,30.000000,-150.000000,30.000000,1.673344,0.124831,0.045191,0.000000,0.200000,0.421827;
}
APWITHINDEX {
121,-30.000000,-190.000000,-30.000000,0.241339,-1.195917,0.000000,0.000000,-0.200000,-0.187961;
}
APWITHINDEX {
122,-24.000000,-190.000000,-30.000000,0.506529,-1.064258,0.000000,0.000000,-0.152883,0.070095;
}
APWITHINDEX {
123,-18.000000,-190.000000,-30.000000,0.010707,-1.389116,0.000000,0.000000,-0.200000,-0.157374;
}
APWITHINDEX {
124,-12.000000,-190.000000,-30.000000,0.445512,-1.140028,0.000000,0.000000,-0.147845,0.125167;
}
APWITHINDEX {
125,-6.000000,-190.000000,-30.000000,-0.151516,-1.529845,0.000000,0.000000,-0.200000,-0.121108;
}
APWITHINDEX {
126,0.000000,-190.000000,-30.000000,0.370192,-1.175014,0.000000,0.000000,-0.109175,0.135576;
}
APWITHINDEX {
127,6.000000,-190.000000,-30.000000,-0.175787,-1.570000,0.000000,0.000000,0.012510,0.078693;
}
APWITHINDEX {
128,12.000000,-190.000000,-30.000000,-0.246049,-1.570000,0.000000,0.000000,0.018599,0.076268;
}
APWITHINDEX {
129,18.000000,-190.000000,-30.000000,-0.195419,-1.570000,0.000000,0.000000,0.044063,0.131881;
}
APWITHINDEX {
130,24.000000,-190.000000,-30.000000,-0.213577,-1.570000,0.000000,0.000000,0.064884,0.178144;
}
APWITHINDEX {
131,30.000000,-190.000000,-30.000000,-0.233176,-1.570000,0.000000,0.000000,0.094481,0.234758;
}
APWITHINDEX {
132,-30.000000,-190.000000,-24.000000,0.373249,-1.099005,0.000000,0.000000,-0.200000,-0.159047;
}
APWITHINDEX {
133,-24.000000,-190.000000,-24.000000,0.669325,-0.955887,0.000000,0.000000,-0.138744,0.120888;
}
APWITHINDEX {
134,-18.000000,-190.000000,-24.000000,0.092178,-1.331474,0.000000,0.000000,-0.200000,-0.136359;
}
APWITHINDEX {
135,-12.000000,-190.000000,-24.000000,0.637566,-1.018772,0.000000,0.000000,-0.129226,0.198983;
}
APWITHINDEX {
136,-6.000000,-190.000000,-24.000000,-0.030730,-1.441060,0.000000,0.000000,-0.200000,-0.096126;
}
APWITHINDEX {
137,0.000000,-190.000000,-24.000000,0.499597,-1.091598,0.000000,0.000000,-0.090361,0.190680;
}
APWITHINDEX {
138,6.000000,-190.000000,-24.000000,-0.190444,-1.570000,0.000000,0.000000,0.026436,0.074577;
}
APWITHINDEX {
139,12.000000,-190.000000,-24.000000,-0.195253,-1.570000,0.000000,0.000000,0.035412,0.108989;
}
APWITHINDEX {
140,18.000000,-190.000000,-24.000000,-0.210413,-1.570000,0.000000,0.000000,0.060187,0.166678;
}
APWITHINDEX {
141,24.000000,-190.000000,-24.000000,-0.214911,-1.570000,0.000000,0.000000,0.085928,0.216506;
}
APWITHINDEX {
142,30.000000,-190.000000,-24.000000,-0.221129,-1.570000,0.000000,0.120114,0.276239;
}
APWITHINDEX {
143,-30.000000,-190.000000,-18.000000,0.507238,-1.001355,0.000000,0.000000,-0.200000,-0.129989;
}
APWITHINDEX {
144,-24.000000,-190.000000,-18.000000,0.801845,-0.876196,0.000000,0.000000,-0.132283,0.170188;
}
APWITHINDEX {
145,-18.000000,-190.000000,-18.000000,0.162857,-1.272545,0.000000,0.000000,-0.200000,-0.158260;
}
APWITHINDEX {
146,-12.000000,-190.000000,-18.000000,0.803532,-0.929072,0.000000,0.000000,-0.118581,0.281475;
}
APWITHINDEX {
147,-6.000000,-190.000000,-18.000000,0.082471,-1.359602,0.000000,0.000000,-0.200000,-0.070990;
}
APWITHINDEX {
148,0.000000,-190.000000,-18.000000,0.591368,-1.041723,0.000000,0.000000,-0.076941,0.245811;
}
APWITHINDEX {
149,6.000000,-190.000000,-18.000000,-0.142530,-1.570000,0.000000,0.000000,0.044112,0.094678;
}
APWITHINDEX {
150,12.000000,-190.000000,-18.000000,-0.177905,-1.570000,0.000000,0.000000,0.076121,0.171708;
}
APWITHINDEX {
151,18.000000,-190.000000,-18.000000,-0.189585,-1.570000,0.000000,0.000000,0.112154,0.239605;
}
APWITHINDEX {
152,24.000000,-190.000000,-18.000000,-0.197938,-1.570000,0.000000,0.000000,0.138379,0.291553;
}
APWITHINDEX {
153,30.000000,-190.000000,-18.000000,-0.205331,-1.570000,0.000572,0.000000,0.161408,0.339441;
}
APWITHINDEX {
154,-30.000000,-190.000000,-12.000000,0.637148,-0.907389,0.000000,0.000000,-0.200000,-0.101145;
}
APWITHINDEX {
155,-24.000000,-190.000000,-12.000000,0.846704,-0.850893,0.000003,0.000000,-0.131087,0.188437;
}
APWITHINDEX {
156,-18.000000,-190.000000,-12.000000,0.379482,-1.109275,0.000000,0.000000,-0.200000,-0.129992;
}
APWITHINDEX {
157,-12.000000,-190.000000,-12.000000,0.863485,-0.899741,0.000003,0.000000,-0.115844,0.315081;
}
APWITHINDEX {
158,-6.000000,-190.000000,-12.000000,0.244967,-1.241269,0.000000,0.000000,-0.196589,-0.034368;
}
APWITHINDEX {
159,0.000000,-190.000000,-12.000000,0.619550,-1.028427,0.000002,0.000000,-0.072802,0.266234;
}
APWITHINDEX {
160,6.000000,-190.000000,-12.000000,-0.127564,-1.570000,0.000000,0.000000,0.057858,0.125728;
}
APWITHINDEX {
161,12.000000,-190.000000,-12.000000,-0.149488,-1.570000,0.000000,0.000000,0.111071,0.220810;
}
APWITHINDEX {
162,18.000000,-190.000000,-12.000000,-0.159902,-1.570000,0.000263,0.000000,0.156871,0.296363;
}
APWITHINDEX {
163,24.000000,-190.000000,-12.000000,-0.167126,-1.570000,0.000751,0.000000,0.157479,0.321352;
}
APWITHINDEX {
164,30.000000,-190.000000,-12.000000,-0.169227,-1.570000,0.001469,0.000000,0.163826,0.348128;
}
APWITHINDEX {
165,-30.000000,-190.000000,-6.000000,0.749045,-0.829102,0.000000,0.000000,-0.198544,-0.069379;
}
APWITHINDEX {
166,-24.000000,-190.000000,-6.000000,0.857124,-0.819007,0.000034,0.000000,-0.115406,0.168410;
}
APWITHINDEX {
167,-18.000000,-190.000000,-6.000000,0.617948,-0.947178,0.000000,0.000000,-0.185672,-0.025181;
}
APWITHINDEX {
168,-12.000000,-190.000000,-6.000000,0.873328,-0.849583,0.000043,0.000000,-0.099030,0.264385;
}
APWITHINDEX {
169,-6.000000,-190.000000,-6.000000,0.399431,-1.132995,0.000000,0.000000,-0.176026,0.013934;
}
APWITHINDEX {
170,0.000000,-190.000000,-6.000000,0.661429,-0.974216,0.000030,0.000000,-0.066941,0.237000;
}
APWITHINDEX {
171,6.000000,-190.000000,-6.000000,-0.052773,-1.570000,0.000000,0.000000,0.070665,0.145903;
}
APWITHINDEX {
172,12.000000,-190.000000,-6.000000,-0.115802,-1.570000,0.000000,0.000000,0.115760,0.232030;
}
APWITHINDEX {
173,18.000000,-190.000000,-6.000000,-0.127544,-1.570000,0.000780,0.000000,0.150357,0.298257;
}
APWITHINDEX {
174,24.000000,-190.000000,-6.000000,-0.132492,-1.570000,0.001608,0.000000,0.159079,0.330063;
}
APWITHINDEX {
175,30.000000,-190.000000,-6.000000,-0.134944,-1.570000,0.002698,0.000000,0.173670,0.366802;
}
APWITHINDEX {
176,-30.000000,-190.000000,0.000000,0.864874,-0.750252,0.000000,0.000000,-0.190188,-0.038497;
}
APWITHINDEX {
177,-24.000000,-190.000000,0.000000,0.932497,-0.744100,0.000089,0.000000,-0.094212,0.168850;
}
APWITHINDEX {
178,-18.000000,-190.000000,0.000000,0.736762,-0.865387,0.000000,0.000000,-0.173333,0.009929;
}
APWITHINDEX {
179,-12.000000,-190.000000,0.000000,0.962750,-0.752934,0.000109,0.000000,-0.075856,0.248927;
}
APWITHINDEX {
180,-6.000000,-190.000000,0.000000,0.530478,-1.043039,0.000000,0.000000,-0.164839,0.049890;
}
APWITHINDEX {
181,0.000000,-190.000000,0.000000,0.754983,-0.886150,0.000082,0.000000,-0.053572,0.228830;
}
APWITHINDEX {
182,6.000000,-190.000000,0.000000,-0.017028,-1.570000,0.000000,0.000000,0.100387,0.187857;
}
APWITHINDEX {
183,12.000000,-190.000000,0.000000,-0.084526,-1.570000,0.000295,0.000000,0.132219,0.258981;
}
APWITHINDEX {
184,18.000000,-190.000000,0.000000,-0.090971,-1.570000,0.001310,0.000000,0.144578,0.297073;
}
APWITHINDEX {
185,24.000000,-190.000000,0.000000,-0.094393,-1.570000,0.002423,0.000000,0.159067,0.335541;
}
APWITHINDEX {
186,30.000000,-190.000000,0.000000,-0.098402,-1.570000,0.003787,0.000000,0.179305,0.380861;
}
APWITHINDEX {
187,-30.000000,-190.000000,6.000000,0.942734,-0.666167,0.000000,0.000000,-0.178459,-0.023331;
}
APWITHINDEX {
188,-24.000000,-190.000000,6.000000,0.398459,-0.981313,0.000000,0.000000,-0.016788,0.254370;
}
APWITHINDEX {
189,-18.000000,-190.000000,6.000000,1.036088,-0.588375,0.000000,0.000000,-0.146602,0.020281;
}
APWITHINDEX {
190,-12.000000,-190.000000,6.000000,1.004766,-0.592285,0.000000,0.000000,-0.101399,0.090710;
}
APWITHINDEX {
191,-6.000000,-190.000000,6.000000,0.316763,-1.025583,0.002903,0.000000,0.015432,0.307293;
}
APWITHINDEX {
192,0.000000,-190.000000,6.000000,0.916335,-0.620607,0.000000,0.000000,-0.016360,0.222114;
}
APWITHINDEX {
193,6.000000,-190.000000,6.000000,1.317356,-0.022339,0.022043,0.000000,0.200000,0.068167;
}
APWITHINDEX {
194,12.000000,-190.000000,6.000000,0.973357,-0.557159,0.000000,0.000000,0.037202,0.317327;
}
APWITHINDEX {
195,18.000000,-190.000000,6.000000,1.316151,0.016482,0.024749,0.000000,0.200000,0.057525;
}
APWITHINDEX {
196,24.000000,-190.000000,6.000000,1.677310,0.238790,0.042181,0.000000,0.200000,0.283234;
}
APWITHINDEX {
197,30.000000,-190.000000,6.000000,1.247005,-0.098554,0.032321,0.000000,0.200000,0.196932;
}
APWITHINDEX {
198,-30.000000,-190.000000,12.000000,1.137511,-0.526215,0.000000,0.000000,-0.165683,-0.021292;
}
APWITHINDEX {
199,-24.000000,-190.000000,12.000000,1.174043,-0.489180,0.000000,0.000000,-0.138967,0.023990;
}
APWITHINDEX {
200,-18.000000,-190.000000,12.000000,1.206275,-0.456936,0.000000,0.000000,-0.120067,0.066741;
}
APWITHINDEX {
201,-12.000000,-190.000000,12.000000,1.241695,-0.420484,0.000000,0.000000,-0.092025,0.111774;
}
APWITHINDEX {
202,-6.000000,-190.000000,12.000000,1.119045,-0.477752,0.000000,0.000000,-0.013063,0.217206;
}
APWITHINDEX {
203,0.000000,-190.000000,12.000000,0.361578,-0.979546,0.007713,0.000000,0.053341,0.360653;
}
APWITHINDEX {
204,6.000000,-190.000000,12.000000,1.102991,-0.468826,0.000000,0.000000,0.034097,0.299607;
}
APWITHINDEX {
205,12.000000,-190.000000,12.000000,1.506458,0.271131,0.026400,0.000000,0.200000,-0.034435;
}
APWITHINDEX {
206,18.000000,-190.000000,12.000000,1.040976,-0.499547,0.000000,0.000000,0.057326,0.361422;
}
APWITHINDEX {
207,24.000000,-190.000000,12.000000,1.407064,0.105188,0.030649,0.000000,0.200000,0.098171;
}
APWITHINDEX {
208,30.000000,-190.000000,12.000000,1.701675,0.247573,0.045918,0.000000,0.200000,0.330857;
}
APWITHINDEX {
209,-30.000000,-190.000000,18.000000,1.304415,-0.394645,0.000000,0.000000,-0.126213,0.026109;
}
APWITHINDEX {
210,-24.000000,-190.000000,18.000000,1.365326,-0.339732,0.000000,0.000000,-0.097479,0.073634;
}
APWITHINDEX {
211,-18.000000,-190.000000,18.000000,1.394793,-0.309475,0.000000,0.000000,-0.077744,0.115091;
}
APWITHINDEX {
212,-12.000000,-190.000000,18.000000,1.418330,-0.282190,0.000000,0.000000,-0.051613,0.157022;
}
APWITHINDEX {
213,-6.000000,-190.000000,18.000000,1.322000,-0.323009,0.000000,0.000000,0.020560,0.256178;
}
APWITHINDEX {
214,0.000000,-190.000000,18.000000,0.434194,-0.928878,0.007339,0.000000,0.055159,0.354566;
}
APWITHINDEX {
215,6.000000,-190.000000,18.000000,1.197563,-0.398097,0.000000,0.000000,0.045977,0.312888;
}
APWITHINDEX {
216,12.000000,-190.000000,18.000000,1.526900,0.260224,0.027422,0.000000,0.200000,0.001474;
}
APWITHINDEX {
217,18.000000,-190.000000,18.000000,1.138286,-0.426767,0.000000,0.000000,0.069888,0.374681;
}
APWITHINDEX {
218,24.000000,-190.000000,18.000000,1.428543,0.106609,0.031180,0.000000,0.200000,0.117831;
}
APWITHINDEX {
219,30.000000,-190.000000,18.000000,2.049045,0.540598,0.046794,0.000000,0.200000,0.307501;
}
APWITHINDEX {
220,-30.000000,-190.000000,24.000000,1.362004,-0.334597,0.000000,0.000000,-0.074643,0.097314;
}
APWITHINDEX {
221,-24.000000,-190.000000,24.000000,0.614749,-0.819312,0.000000,0.000000,0.009982,0.286914;
}
APWITHINDEX {
222,-18.000000,-190.000000,24.000000,1.570759,-0.167651,0.000000,0.000000,-0.024862,0.172710;
}
APWITHINDEX {
223,-12.000000,-190.000000,24.000000,1.551470,-0.167566,0.000000,0.000000,0.008626,0.226418;
}
APWITHINDEX {
224,-6.000000,-190.000000,24.000000,1.358513,-0.293865,0.000000,0.000000,0.031839,0.265767;
}
APWITHINDEX {
225,0.000000,-190.000000,24.000000,0.635034,-0.787271,0.006431,0.000000,0.062883,0.344627;
}
APWITHINDEX {
226,6.000000,-190.000000,24.000000,1.288401,-0.329643,0.000000,0.000000,0.061455,0.324180;
}
APWITHINDEX {
227,12.000000,-190.000000,24.000000,1.616201,0.273067,0.030714,0.000000,0.200000,0.087625;
}
APWITHINDEX {
228,18.000000,-190.000000,24.000000,1.228528,-0.358079,0.000000,0.000000,0.088854,0.386187;
}
APWITHINDEX {
229,24.000000,-190.000000,24.000000,1.514737,0.139925,0.033250,0.000000,0.200000,0.169298;
}
APWITHINDEX {
230,30.000000,-190.000000,24.000000,2.279743,0.733891,0.046499,0.000000,0.200000,0.284232;
}
APWITHINDEX {
231,-30.000000,-190.000000,30.000000,1.438943,-0.267448,0.000000,0.000000,-0.040177,0.144196;
}
APWITHINDEX {
232,-24.000000,-190.000000,30.000000,0.848153,-0.648684,0.000000,0.000000,0.032628,0.300584;
}
APWITHINDEX {
233,-18.000000,-190.000000,30.000000,1.533094,-0.181058,0.000000,0.000000,0.009962,0.221047;
}
APWITHINDEX {
234,-12.000000,-190.000000,30.000000,0.729254,-0.720120,0.000882,0.000000,0.054445,0.360012;
}
APWITHINDEX {
235,-6.000000,-190.000000,30.000000,1.432484,-0.238914,0.000000,0.000000,0.041235,0.273436;
}
APWITHINDEX {
236,0.000000,-190.000000,30.000000,0.847332,-0.634139,0.005770,0.000000,0.077369,0.350278;
}
APWITHINDEX {
237,6.000000,-190.000000,30.000000,1.380883,-0.261026,0.000000,0.000000,0.073248,0.333118;
}
APWITHINDEX {
238,12.000000,-190.000000,30.000000,1.786705,0.035472,0.000000,0.200000,0.160098;
}
APWITHINDEX {
239,18.000000,-190.000000,30.000000,1.319206,-0.290679,0.000000,0.000000,0.101578,0.394355;
}
APWITHINDEX {
240,-190.000000,30.000000,1.668822,0.242568,0.036850,0.000000,0.200000,0.218515;
}
APWITHINDEX {
241,30.000000,-190.000000,30.000000,2.298650,0.725451,0.045288,0.000000,0.200000,0.293641;
}
APWITHINDEX {
242,-30.000000,-230.000000,-30.000000,-0.020802,-1.421322,0.000000,0.000000,-0.200000,-0.272255;
}
APWITHINDEX {
243,-24.000000,-230.000000,-30.000000,-0.110268,-1.501383,0.000000,0.000000,-0.200000,-0.257402;
}
APWITHINDEX {
244,-18.000000,-230.000000,-30.000000,-0.169543,-1.559848,0.000000,0.000000,-0.200000,-0.244400;
}
APWITHINDEX {
245,-12.000000,-230.000000,-30.000000,-0.202887,-1.570000,0.000000,0.000000,-0.200000,-0.195158;
}
APWITHINDEX {
246,-6.000000,-230.000000,-30.000000,-0.174210,-1.570000,0.000000,0.000000,-0.200000,-0.121903;
}
APWITHINDEX {
247,0.000000,-230.000000,-30.000000,0.567021,-1.104460,0.000000,0.000000,-0.106831,0.281337;
}
APWITHINDEX {
248,6.000000,-230.000000,-30.000000,-0.158628,-1.570000,0.000000,0.000000,0.076374,0.115653;
}
APWITHINDEX {
249,12.000000,-230.000000,-30.000000,-0.171768,-1.570000,0.000000,0.000000,0.093526,0.155982;
}
APWITHINDEX {
250,18.000000,-230.000000,-30.000000,-0.189021,-1.570000,0.000000,0.000000,0.121267,0.208366;
}
APWITHINDEX {
251,24.000000,-230.000000,-30.000000,-0.210140,-1.570000,0.000000,0.000000,0.164671,0.281604;
}
APWITHINDEX {
252,30.000000,-230.000000,-30.000000,-0.222027,-1.570000,0.000724,0.000000,0.192924,0.336558;
}
APWITHINDEX {
253,-30.000000,-230.000000,-24.000000,0.078508,-1.350596,0.000000,0.000000,-0.200000,-0.253372;
}
APWITHINDEX {
254,-24.000000,-230.000000,-24.000000,-0.030593,-1.448561,0.000000,0.000000,-0.200000,-0.242119;
}
APWITHINDEX {
255,-18.000000,-230.000000,-24.000000,-0.118082,-1.533706,0.000000,0.000000,-0.200000,-0.232008;
}
APWITHINDEX {
256,-12.000000,-230.000000,-24.000000,-0.167237,-1.570000,0.000000,0.000000,-0.200000,-0.207380;
}
APWITHINDEX {
257,-6.000000,-230.000000,-24.000000,-0.175990,-1.570000,0.000000,0.000000,-0.200000,-0.131294;
}
APWITHINDEX {
258,0.000000,-230.000000,-24.000000,0.680296,-1.039808,0.000000,0.000000,-0.093326,0.340017;
}
APWITHINDEX {
259,6.000000,-230.000000,-24.000000,-0.144706,-1.570000,0.000000,0.000000,0.118743,0.166677;
}
APWITHINDEX {
260,12.000000,-230.000000,-24.000000,-0.164333,-1.570000,0.000000,0.000000,0.153076,0.228908;
}
APWITHINDEX {
261,18.000000,-230.000000,-24.000000,-0.181585,-1.570000,0.000780,0.000000,0.198269,0.305463;
}
APWITHINDEX {
262,24.000000,-230.000000,-24.000000,-0.187493,-1.570000,0.001254,0.000000,0.200000,0.327982;
}
APWITHINDEX {
263,30.000000,-230.000000,-24.000000,-0.194287,-1.570000,0.001711,0.000000,0.200000,0.350186;
}
APWITHINDEX {
264,-30.000000,-230.000000,-18.000000,0.175114,-1.283837,0.000000,0.000000,-0.200000,-0.233657;
}
APWITHINDEX {
265,-24.000000,-230.000000,-18.000000,0.043387,-1.403334,0.000000,0.000000,-0.200000,-0.227877;
}
APWITHINDEX {
266,-18.000000,-230.000000,-18.000000,0.230974,-1.263481,0.000000,0.000000,-0.200000,-0.107013;
}
APWITHINDEX {
267,-12.000000,-230.000000,-18.000000,1.002719,-0.886776,0.000000,0.000000,-0.127560,0.463936;
}
APWITHINDEX {
268,-6.000000,-230.000000,-18.000000,-0.156985,-1.570000,0.000000,0.000000,-0.200000,-0.160171;
}
APWITHINDEX {
269,0.000000,-230.000000,-18.000000,-0.132943,-1.570000,0.000000,0.000000,-0.200000,-0.079462;
}
APWITHINDEX {
270,6.000000,-230.000000,-18.000000,0.281539,-1.570000,0.000000,0.000000,0.076186,0.008900;
}
APWITHINDEX {
271,12.000000,-230.000000,-18.000000,-0.147545,-1.570000,0.001240,0.000000,0.200000,0.291687;
}
APWITHINDEX {
272,18.000000,-230.000000,-18.000000,-0.154651,-1.570000,0.001877,0.000000,0.200000,0.314254;
}
APWITHINDEX {
273,24.000000,-230.000000,-18.000000,-0.161975,-1.570000,0.002194,0.000000,0.200000,0.336990;
}
APWITHINDEX {
274,30.000000,-230.000000,-18.000000,-0.169103,-1.570000,0.002554,0.000000,0.200000,0.359617;
}
APWITHINDEX {
275,-30.000000,-230.000000,-12.000000,0.407417,-1.109211,0.000000,0.000000,-0.200000,-0.184335;
}
APWITHINDEX {
276,-24.000000,-230.000000,-12.000000,0.228430,-1.258243,0.000000,0.000000,-0.200000,-0.196373;
}
APWITHINDEX {
277,-18.000000,-230.000000,-12.000000,0.070993,-1.400001,0.000000,0.000000,-0.200000,-0.195438;
}
APWITHINDEX {
278,-12.000000,-230.000000,-12.000000,0.016395,-1.441382,0.000000,0.000000,-0.200000,-0.174104;
}
APWITHINDEX {
279,-6.000000,-230.000000,-12.000000,-0.056657,-1.506964,0.000000,0.000000,-0.200000,-0.104290;
}
APWITHINDEX {
280,0.000000,-230.000000,-12.000000,0.767005,-0.993255,0.000006,0.000000,-0.083373,0.389472;
}
APWITHINDEX {
281,6.000000,-230.000000,-12.000000,-0.114184,-1.570000,0.001218,0.000000,0.197190,0.274619;
}
APWITHINDEX {
282,12.000000,-230.000000,-12.000000,-0.121111,-1.570000,0.001902,0.000000,0.200000,0.299532;
}
APWITHINDEX {
283,18.000000,-230.000000,-12.000000,-0.128869,-1.570000,0.002572,0.000000,0.200000,0.323092;
}
APWITHINDEX {
284,24.000000,-230.000000,-12.000000,-0.136362,-1.570000,0.002915,0.000000,0.200000,0.346223;
}
APWITHINDEX {
285,30.000000,-230.000000,-12.000000,-0.143477,-1.570000,0.003293,0.000000,0.200000,0.369021;
}
APWITHINDEX {
286,-30.000000,-230.000000,-6.000000,0.601875,-0.973987,0.000000,0.000000,-0.200000,-0.101054;
}
APWITHINDEX {
287,-24.000000,-230.000000,-6.000000,0.527883,-1.033084,0.000000,0.000000,-0.200000,-0.117614;
}
APWITHINDEX {
288,-18.000000,-230.000000,-6.000000,0.341988,-1.180494,0.000000,0.000000,-0.200000,-0.146167;
}
APWITHINDEX {
289,-12.000000,-230.000000,-6.000000,0.315229,-1.217253,0.000000,0.000000,-0.200000,-0.076905;
}
APWITHINDEX {
290,-6.000000,-230.000000,-6.000000,0.909107,-0.876732,0.000039,0.000000,-0.094076,0.365572;
}
APWITHINDEX {
291,0.000000,-230.000000,-6.000000,0.223582,-1.301628,0.000000,0.000000,-0.200000,-0.016380;
}
APWITHINDEX {
292,6.000000,-230.000000,-6.000000,0.363704,-1.515759,0.002611,0.000000,0.085090,0.056361;
}
APWITHINDEX {
293,12.000000,-230.000000,-6.000000,-0.093629,-1.570000,0.002712,0.000000,0.200000,0.306768;
}
APWITHINDEX {
294,18.000000,-230.000000,-6.000000,-0.102154,-1.570000,0.003419,0.000000,0.200000,0.331254;
}
APWITHINDEX {
295,24.000000,-230.000000,-6.000000,-0.109684,-1.570000,0.003761,0.000000,0.200000,0.354605;
}
APWITHINDEX {
296,30.000000,-230.000000,-6.000000,2.794050,1.344368,0.052644,0.000000,0.200000,0.128357;
}
APWITHINDEX {
297,-30.000000,-230.000000,0.000000,0.674298,-0.925022,0.000000,0.000000,-0.200000,-0.067481;
}
APWITHINDEX {
298,-24.000000,-230.000000,0.000000,0.626535,-0.969065,0.000000,0.000000,-0.200000,-0.056651;
}
APWITHINDEX {
299,-18.000000,-230.000000,0.000000,0.573860,-1.017637,0.000000,0.000000,-0.200000,-0.049520;
}
APWITHINDEX {
300,-12.000000,-230.000000,0.000000,0.469333,-1.106033,0.000000,0.000000,-0.200000,-0.023269;
}
APWITHINDEX {
301,-6.000000,-230.000000,0.000000,0.980526,-0.797450,0.000091,0.000000,-0.076955,0.347793;
}
APWITHINDEX {
302,0.000000,-230.000000,0.000000,0.323613,-1.230515,0.000000,0.000000,-0.200000,0.005711;
}
APWITHINDEX {
303,6.000000,-230.000000,0.000000,0.490646,-1.358877,0.006049,0.000000,0.099912,0.094304;
}
APWITHINDEX {
304,12.000000,-230.000000,0.000000,-0.067563,-1.570000,0.003217,0.000000,0.200000,0.315565;
}
APWITHINDEX {
305,18.000000,-230.000000,0.000000,-0.076254,-1.570000,0.003952,0.000000,0.200000,0.340163;
}
APWITHINDEX {
306,24.000000,-230.000000,0.000000,3.078301,1.570000,0.061713,0.000000,0.200000,0.101106;
}
APWITHINDEX {
307,30.000000,-230.000000,0.000000,0.340699,-1.460833,0.005592,0.000000,0.128510,0.166453;
}
APWITHINDEX {
308,-30.000000,-230.000000,6.000000,0.833613,-0.767337,0.000000,0.000000,-0.200000,-0.077886;
}
APWITHINDEX {
309,-24.000000,-230.000000,6.000000,0.848057,-0.751416,0.000000,0.000000,-0.200000,-0.048790;
}
APWITHINDEX {
310,-18.000000,-230.000000,6.000000,0.761698,-0.811880,0.000000,0.000000,-0.200000,-0.044321;
}
APWITHINDEX {
311,-12.000000,-230.000000,6.000000,0.886385,-0.707966,0.000000,0.000000,-0.200000,0.011609;
}
APWITHINDEX {
312,-6.000000,-230.000000,6.000000,0.953711,-0.633768,0.000000,0.000000,-0.141550,0.102578;
}
APWITHINDEX {
313,0.000000,-230.000000,6.000000,-0.051865,-1.270341,0.006629,0.000000,0.030962,0.394147;
}
APWITHINDEX {
314,6.000000,-230.000000,6.000000,0.983741,-0.577989,0.000000,0.000000,-0.059533,0.241593;
}
APWITHINDEX {
315,12.000000,-230.000000,6.000000,1.444696,0.283998,0.023489,0.000000,0.200000,-0.121643;
}
APWITHINDEX {
316,18.000000,-230.000000,6.000000,3.113663,1.570000,0.062243,0.000000,0.200000,0.084413;
}
APWITHINDEX {
317,24.000000,-230.000000,6.000000,1.409469,0.218931,0.026045,0.000000,0.200000,-0.057763;
}
APWITHINDEX {
318,30.000000,-230.000000,6.000000,3.094351,1.570000,0.063898,0.000000,0.200000,0.134280;
}
APWITHINDEX {
319,-30.000000,-230.000000,12.000000,0.974501,-0.659226,0.000000,0.000000,-0.200000,-0.039835;
}
APWITHINDEX {
320,-24.000000,-230.000000,12.000000,0.971903,-0.657905,0.000000,0.000000,-0.200000,-0.015442;
}
APWITHINDEX {
321,-18.000000,-230.000000,12.000000,0.844293,-0.748139,0.000000,0.000000,-0.200000,-0.017631;
}
APWITHINDEX {
322,-12.000000,-230.000000,12.000000,0.918867,-0.682692,0.000000,0.000000,-0.200000,0.022575;
}
APWITHINDEX {
323,-6.000000,-230.000000,12.000000,1.152954,-0.487393,0.000000,0.000000,-0.131540,0.130887;
}
APWITHINDEX {
324,0.000000,-230.000000,12.000000,1.141147,-0.464602,0.000000,0.000000,-0.044854,0.239819;
}
APWITHINDEX {
325,6.000000,-230.000000,12.000000,1.568006,0.382981,0.023527,0.000000,0.200000,-0.127862;
}
APWITHINDEX {
326,12.000000,-230.000000,12.000000,3.156173,1.570000,0.061670,0.000000,0.200000,-0.012670;
}
APWITHINDEX {
327,18.000000,-230.000000,12.000000,3.171390,1.570000,0.064596,0.000000,0.200000,0.032377;
}
APWITHINDEX {
328,24.000000,-230.000000,12.000000,3.129732,1.570000,0.063544,0.000000,0.200000,0.117250;
}
APWITHINDEX {
329,30.000000,-230.000000,12.000000,1.490642,0.300192,0.032082,0.000000,0.200000,-0.015553;
}
APWITHINDEX {
330,-30.000000,-230.000000,18.000000,0.929370,-0.683973,0.000000,0.000000,-0.200000,-0.032983;
}
APWITHINDEX {
331,-24.000000,-230.000000,18.000000,1.114338,-0.546397,0.000000,0.000000,-0.200000,0.022712;
}
APWITHINDEX {
332,-18.000000,-230.000000,18.000000,1.013983,-0.617290,0.000000,0.000000,-0.200000,0.023919;
}
APWITHINDEX {
333,-12.000000,-230.000000,18.000000,1.093867,-0.545289,0.000000,0.000000,-0.177159,0.074638;
}
APWITHINDEX {
334,-6.000000,-230.000000,18.000000,1.296002,-0.375943,0.000000,0.000000,-0.105409,0.171940;
}
APWITHINDEX {
335,0.000000,-230.000000,18.000000,1.333765,-0.327750,0.000000,0.000000,-0.041747,0.242914;
}
APWITHINDEX {
336,6.000000,-230.000000,18.000000,1.146818,-0.462007,0.000000,0.000000,-0.075209,0.267844;
}
APWITHINDEX {
337,12.000000,-230.000000,18.000000,1.665209,0.569077,0.026658,0.000000,0.200000,-0.205588;
}
APWITHINDEX {
338,18.000000,-230.000000,18.000000,3.155912,1.570000,0.067924,0.000000,0.200000,0.020029;
}
APWITHINDEX {
339,24.000000,-230.000000,18.000000,3.182981,1.570000,0.065812,0.000000,0.200000,0.109696;
}
APWITHINDEX {
340,30.000000,-230.000000,18.000000,1.525260,0.344280,0.032835,0.000000,0.200000,-0.025449;
}
APWITHINDEX {
341,-30.000000,-230.000000,24.000000,0.801511,-0.874457,0.000000,0.000000,-0.200000,-0.075713;
}
APWITHINDEX {
342,-24.000000,-230.000000,24.000000,1.356772,-0.351294,0.000000,0.000000,-0.149880,0.100387;
}
APWITHINDEX {
343,-18.000000,-230.000000,24.000000,1.363226,-0.342791,0.000000,0.000000,-0.150510,0.128721;
}
APWITHINDEX {
344,-12.000000,-230.000000,24.000000,1.396038,-0.306840,0.000000,0.000000,-0.110700,0.168409;
}
APWITHINDEX {
345,-6.000000,-230.000000,24.000000,1.426627,-0.269232,0.000000,0.000000,-0.057950,0.214460;
}
APWITHINDEX {
346,0.000000,-230.000000,24.000000,1.370193,-0.291665,0.000000,0.000000,-0.009358,0.275002;
}
APWITHINDEX {
347,6.000000,-230.000000,24.000000,1.633457,0.398731,0.026115,0.000000,0.200000,-0.069058;
}
APWITHINDEX {
348,12.000000,-230.000000,24.000000,1.212131,-0.405240,0.000000,0.000000,-0.049420,0.310323;
}
APWITHINDEX {
349,18.000000,-230.000000,24.000000,1.700822,0.541597,0.029379,0.000000,0.200000,-0.125121;
}
APWITHINDEX {
350,24.000000,-230.000000,24.000000,3.182986,1.570000,0.064477,0.000000,0.200000,0.132189;
}
APWITHINDEX {
351,30.000000,-230.000000,24.000000,1.557124,0.321746,0.033705,0.000000,0.200000,0.028436;
}
APWITHINDEX {
352,-30.000000,-230.000000,30.000000,1.056737,-0.682914,0.000000,0.000000,-0.200000,0.034658;
}
APWITHINDEX {
353,-24.000000,-230.000000,30.000000,1.496730,-0.239414,0.000000,0.000000,-0.104387,0.135501;
}
APWITHINDEX {
354,-18.000000,-230.000000,30.000000,1.499881,-0.232019,0.000000,0.000000,-0.097634,0.163144;
}
APWITHINDEX {
355,-12.000000,-230.000000,30.000000,1.513625,-0.212341,0.000000,0.000000,-0.067711,0.195470;
}
APWITHINDEX {
356,-6.000000,-230.000000,30.000000,1.513320,-0.196059,0.000000,0.000000,-0.019412,0.250297;
}
APWITHINDEX {
357,0.000000,-230.000000,30.000000,1.395605,-0.268452,0.000000,0.000000,0.008224,0.289976;
}
APWITHINDEX {
358,6.000000,-230.000000,30.000000,1.730713,0.438538,0.029522,0.000000,0.200000,-0.002092;
}
APWITHINDEX {
359,12.000000,-230.000000,30.000000,1.291932,-0.338223,0.000000,0.000000,-0.004335,0.328975;
}
APWITHINDEX {
360,18.000000,-230.000000,30.000000,1.805372,0.569131,0.032922,0.000000,0.200000,-0.039574;
}
APWITHINDEX {
361,24.000000,-230.000000,30.000000,1.245055,-0.357418,0.000000,0.000000,0.032629,0.379591;
}
APWITHINDEX {
362,30.000000,-230.000000,30.000000,1.654830,0.366524,0.036053,0.000000,0.200000,0.080008;
}
APWITHINDEX {
363,-30.000000,-270.000000,-30.000000,-0.140921,-1.570000,0.000000,0.000000,-0.200000,-0.266724;
}
APWITHINDEX {
364,-24.000000,-270.000000,-30.000000,-0.146813,-1.570000,0.000000,0.000000,-0.200000,-0.246262;
}
APWITHINDEX {
365,-18.000000,-270.000000,-30.000000,-0.162156,-1.570000,0.000000,0.000000,-0.200000,-0.221169;
}
APWITHINDEX {
366,-12.000000,-270.000000,-30.000000,-0.179335,-1.570000,0.000000,0.000000,-0.200000,-0.180313;
}
APWITHINDEX {
367,-6.000000,-270.000000,-30.000000,-0.180618,-1.570000,0.000000,0.000000,-0.200000,-0.138241;
}
APWITHINDEX {
368,0.000000,-270.000000,-30.000000,0.756863,-1.048370,0.000000,0.000000,-0.108732,0.436953;
}
APWITHINDEX {
369,6.000000,-270.000000,-30.000000,-0.166111,-1.570000,0.000378,0.000000,0.200000,0.260274;
}
APWITHINDEX {
370,12.000000,-270.000000,-30.000000,-0.171916,-1.570000,0.000776,0.000000,0.200000,0.278604;
}
APWITHINDEX {
371,18.000000,-270.000000,-30.000000,-0.177718,-1.570000,0.001317,0.000000,0.200000,0.297271;
}
APWITHINDEX {
372,24.000000,-270.000000,-30.000000,-0.183790,-1.570000,0.001687,0.000000,0.200000,0.316345;
}
APWITHINDEX {
373,30.000000,-270.000000,-30.000000,-0.189866,-1.570000,0.002034,0.000000,0.200000,0.335524;
}
APWITHINDEX {
374,-30.000000,-270.000000,-24.000000,-0.119304,-1.570000,0.000000,0.000000,-0.200000,-0.259012;
}
APWITHINDEX {
375,-24.000000,-270.000000,-24.000000,-0.124517,-1.570000,0.000000,0.000000,-0.200000,-0.238648;
}
APWITHINDEX {
376,-18.000000,-270.000000,-24.000000,-0.130237,-1.570000,0.000000,0.000000,-0.200000,-0.218055;
}
APWITHINDEX {
377,-12.000000,-270.000000,-24.000000,-0.144090,-1.570000,0.000000,0.000000,-0.200000,-0.194016;
}
APWITHINDEX {
378,-6.000000,-270.000000,-24.000000,-0.161957,-1.570000,0.000000,0.000000,-0.200000,-0.157783;
}
APWITHINDEX {
379,0.000000,-270.000000,-24.000000,-0.167199,-1.570000,0.000000,0.000000,-0.200000,-0.115461;
}
APWITHINDEX {
380,6.000000,-270.000000,-24.000000,0.296229,-1.570000,0.000000,0.000000,0.084830,-0.041743;
}
APWITHINDEX {
381,12.000000,-270.000000,-24.000000,-0.148968,-1.570000,0.001845,0.000000,0.200000,0.284618;
}
APWITHINDEX {
382,18.000000,-270.000000,-24.000000,-0.154971,-1.570000,0.002548,0.000000,0.200000,0.303991;
}
APWITHINDEX {
383,24.000000,-270.000000,-24.000000,-0.161378,-1.570000,0.002765,0.000000,0.200000,0.323607;
}
APWITHINDEX {
384,30.000000,-270.000000,-24.000000,-0.167719,-1.570000,0.002967,0.000000,0.200000,0.343157;
}
APWITHINDEX {
385,-30.000000,-270.000000,-18.000000,-0.097689,-1.570000,0.000000,0.000000,-0.200000,-0.251218;
}
APWITHINDEX {
386,-24.000000,-270.000000,-18.000000,-0.102787,-1.570000,0.000000,0.000000,-0.200000,-0.230819;
}
APWITHINDEX {
387,-18.000000,-270.000000,-18.000000,-0.107936,-1.570000,0.000000,0.000000,-0.200000,-0.210311;
}
APWITHINDEX {
388,-12.000000,-270.000000,-18.000000,-0.113421,-1.570000,0.000000,0.000000,-0.200000,-0.189657;
}
APWITHINDEX {
389,-6.000000,-270.000000,-18.000000,-0.120830,-1.570000,0.000000,0.000000,-0.200000,-0.168441;
}
APWITHINDEX {
390,0.000000,-270.000000,-18.000000,-0.136907,-1.570000,0.000000,0.000000,-0.200000,-0.142064;
}
APWITHINDEX {
391,6.000000,-270.000000,-18.000000,-0.120390,-1.570000,0.002269,0.000000,0.200000,0.272019;
}
APWITHINDEX {
392,12.000000,-270.000000,-18.000000,-0.126545,-1.570000,0.002887,0.000000,0.200000,0.291662;
}
APWITHINDEX {
393,18.000000,-270.000000,-18.000000,-0.132496,-1.570000,0.003799,0.000000,0.200000,0.311327;
}
APWITHINDEX {
394,24.000000,-270.000000,-18.000000,-0.138941,-1.570000,0.003822,0.000000,0.200000,0.331051;
}
APWITHINDEX {
395,30.000000,-270.000000,-18.000000,-0.145232,-1.570000,0.003859,0.000000,0.200000,0.350622;
}
APWITHINDEX {
396,-30.000000,-270.000000,-12.000000,0.018683,-1.479649,0.000000,0.000000,-0.200000,-0.231661;
}
APWITHINDEX {
397,-24.000000,-270.000000,-12.000000,-0.081038,-1.570000,0.000000,0.000000,-0.200000,-0.222943;
}
APWITHINDEX {
398,-18.000000,-270.000000,-12.000000,-0.086307,-1.570000,0.000000,0.000000,-0.200000,-0.202345;
}
APWITHINDEX {
399,-12.000000,-270.000000,-12.000000,-0.091524,-1.570000,0.000000,0.000000,-0.200000,-0.181686;
}
APWITHINDEX {
400,-6.000000,-270.000000,-12.000000,-0.097492,-1.570000,0.000000,0.000000,-0.200000,-0.160837;
}
APWITHINDEX {
401,0.000000,-270.000000,-12.000000,-0.119865,-1.570000,0.000000,0.000000,-0.200000,-0.128997;
}
APWITHINDEX {
402,6.000000,-270.000000,-12.000000,-0.098093,-1.570000,0.002692,0.000000,0.200000,0.278956;
}
APWITHINDEX {
403,12.000000,-270.000000,-12.000000,-0.103972,-1.570000,0.003289,0.000000,0.200000,0.298495;
}
APWITHINDEX {
404,18.000000,-270.000000,-12.000000,-0.110026,-1.570000,0.004089,0.000000,0.200000,0.317133;
}
APWITHINDEX {
405,24.000000,-270.000000,-12.000000,-0.116492,-1.570000,0.004227,0.000000,0.200000,0.337111;
}
APWITHINDEX {
406,30.000000,-270.000000,-12.000000,3.013802,1.570000,0.072245,0.000000,0.200000,0.087726;
}
APWITHINDEX {
407,-30.000000,-270.000000,-6.000000,0.214234,-1.317478,0.000000,0.000000,-0.200000,-0.195371;
}
APWITHINDEX {
408,-24.000000,-270.000000,-6.000000,0.081706,-1.438624,0.000000,0.000000,-0.200000,-0.196689;
}
APWITHINDEX {
409,-18.000000,-270.000000,-6.000000,-0.055846,-1.568354,0.000000,0.000000,-0.200000,-0.194938;
}
APWITHINDEX {
410,-12.000000,-270.000000,-6.000000,-0.031859,-1.533593,0.000000,0.000000,-0.200000,-0.169114;
}
APWITHINDEX {
411,-6.000000,-270.000000,-6.000000,-0.037493,-1.528565,0.000000,0.000000,-0.200000,-0.148769;
}
APWITHINDEX {
412,0.000000,-270.000000,-6.000000,-0.012028,-1.527862,0.000000,0.000000,-0.200000,-0.058323;
}
APWITHINDEX {
413,6.000000,-270.000000,-6.000000,0.440730,-1.570000,0.002901,0.000000,0.101285,0.000604;
}
APWITHINDEX {
414,12.000000,-270.000000,-6.000000,-0.081907,-1.570000,0.004041,0.000000,0.200000,0.304701;
}
APWITHINDEX {
415,18.000000,-270.000000,-6.000000,3.038254,1.570000,0.085721,0.000000,0.200000,0.011829;
}
APWITHINDEX {
416,24.000000,-270.000000,-6.000000,3.026415,1.570000,0.080204,0.000000,0.200000,0.043487;
}
APWITHINDEX {
417,30.000000,-270.000000,-6.000000,3.023290,1.570000,0.075218,0.000000,0.200000,0.084744;
}
APWITHINDEX {
418,-30.000000,-270.000000,0.000000,0.407472,-1.168885,0.000000,0.000000,-0.200000,-0.143867;
}
APWITHINDEX {
419,-24.000000,-270.000000,0.000000,0.277938,-1.279264,0.000000,0.000000,-0.200000,-0.156611;
}
APWITHINDEX {
420,-18.000000,-270.000000,0.000000,0.130348,-1.408684,0.000000,0.000000,-0.200000,-0.163021;
}
APWITHINDEX {
421,-12.000000,-270.000000,0.000000,0.188916,-1.354921,0.000000,0.000000,-0.200000,-0.130661;
}
APWITHINDEX {
422,-6.000000,-270.000000,0.000000,0.182079,-1.374017,0.000000,0.000000,-0.200000,-0.051600;
}
APWITHINDEX {
423,0.000000,-270.000000,0.000000,1.001943,-0.841738,0.000085,0.000000,-0.069524,0.462459;
}
APWITHINDEX {
424,6.000000,-270.000000,0.000000,-0.053578,-1.570000,0.003869,0.000000,0.200000,0.292018;
}
APWITHINDEX {
425,12.000000,-270.000000,0.000000,3.062988,1.570000,0.080377,0.000000,0.200000,0.007695;
}
APWITHINDEX {
426,18.000000,-270.000000,0.000000,3.070592,1.570000,0.095384,0.000000,0.200000,0.008646;
}
APWITHINDEX {
427,24.000000,-270.000000,0.000000,3.049434,1.570000,0.084855,0.000000,0.200000,0.046637;
}
APWITHINDEX {
428,30.000000,-270.000000,0.000000,3.040409,1.570000,0.080393,0.000000,0.200000,0.079323;
}
APWITHINDEX {
429,-30.000000,-270.000000,6.000000,0.582768,-0.960772,0.000000,0.000000,-0.200000,-0.088308;
}
APWITHINDEX {
430,-24.000000,-270.000000,6.000000,0.595149,-0.945473,0.000000,0.000000,-0.200000,-0.062575;
}
APWITHINDEX {
431,-18.000000,-270.000000,6.000000,0.605462,-0.932415,0.000000,0.000000,-0.200000,-0.037845;
}
APWITHINDEX {
432,-12.000000,-270.000000,6.000000,0.636261,-0.900259,0.000000,0.000000,-0.200000,-0.011053;
}
APWITHINDEX {
433,-6.000000,-270.000000,6.000000,0.663581,-0.871642,0.000000,0.000000,-0.200000,0.015302;
}
APWITHINDEX {
434,0.000000,-270.000000,6.000000,0.695411,-0.836325,0.000000,0.000000,-0.200000,0.058505;
}
APWITHINDEX {
435,6.000000,-270.000000,6.000000,3.121734,1.570000,0.066016,0.000000,0.200000,-0.044690;
}
APWITHINDEX {
436,12.000000,-270.000000,6.000000,3.115714,1.570000,0.073956,0.000000,0.200000,-0.021395;
}
APWITHINDEX {
437,18.000000,-270.000000,6.000000,3.110196,1.570000,0.083863,0.000000,0.200000,0.002507;
}
APWITHINDEX {
438,24.000000,-270.000000,6.000000,3.108747,1.570000,0.075614,0.000000,0.200000,0.021586;
}
APWITHINDEX {
439,30.000000,-270.000000,6.000000,3.114222,1.570000,0.074282,0.000000,0.200000,0.106322;
}
APWITHINDEX {
440,-30.000000,-270.000000,12.000000,0.681661,-0.886347,0.000000,0.000000,-0.200000,-0.061569;
}
APWITHINDEX {
441,-24.000000,-270.000000,12.000000,0.699510,-0.866924,0.000000,0.000000,-0.200000,-0.036331;
}
APWITHINDEX {
442,-18.000000,-270.000000,12.000000,0.710648,-0.854010,0.000000,0.000000,-0.200000,-0.011471;
}
APWITHINDEX {
443,-12.000000,-270.000000,12.000000,0.742724,-0.819827,0.000000,0.000000,-0.200000,0.015784;
}
APWITHINDEX {
444,-6.000000,-270.000000,12.000000,0.787587,-0.777191,0.000000,0.000000,-0.200000,0.044953;
}
APWITHINDEX {
445,0.000000,-270.000000,12.000000,0.812422,-0.749140,0.000000,0.000000,-0.200000,0.077469;
}
APWITHINDEX {
446,6.000000,-270.000000,12.000000,3.142625,1.570000,0.074610,0.000000,0.200000,-0.036788;
}
APWITHINDEX {
447,12.000000,-270.000000,12.000000,3.136983,1.570000,0.085381,0.000000,0.200000,-0.012986;
}
APWITHINDEX {
448,18.000000,-270.000000,12.000000,3.131883,1.570000,0.097188,0.000000,0.200000,0.011257;
}
APWITHINDEX {
449,24.000000,-270.000000,12.000000,3.123347,1.570000,0.086376,0.000000,0.200000,0.029982;
}
APWITHINDEX {
450,30.000000,-270.000000,12.000000,3.119895,1.570000,0.078129,0.000000,0.200000,0.048992;
}
APWITHINDEX {
451,-30.000000,-270.000000,18.000000,0.802895,-0.794410,0.000000,0.000000,-0.200000,-0.035252;
}
APWITHINDEX {
452,-24.000000,-270.000000,18.000000,0.810440,-0.783635,0.000000,0.000000,-0.200000,-0.008938;
}
APWITHINDEX {
453,-18.000000,-270.000000,18.000000,0.813812,-0.777573,0.000000,0.000000,-0.200000,0.014664;
}
APWITHINDEX {
454,-12.000000,-270.000000,18.000000,0.859241,-0.731916,0.000000,0.000000,-0.200000,0.045301;
}
APWITHINDEX {
455,-6.000000,-270.000000,18.000000,0.901735,-0.690574,0.000000,0.000000,-0.200000,0.072687;
}
APWITHINDEX {
456,0.000000,-270.000000,18.000000,0.944734,-0.649867,0.000000,0.000000,-0.195646,0.101888;
}
APWITHINDEX {
457,6.000000,-270.000000,18.000000,3.165838,1.570000,0.088338,0.000000,0.200000,-0.027679;
}
APWITHINDEX {
458,12.000000,-270.000000,18.000000,3.160588,1.570000,0.100134,0.000000,0.200000,-0.003683;
}
APWITHINDEX {
459,18.000000,-270.000000,18.000000,3.155995,1.570000,0.112271,0.000000,0.200000,0.020449;
}
APWITHINDEX {
460,24.000000,-270.000000,18.000000,3.147212,1.570000,0.100240,0.000000,0.200000,0.039255;
}
APWITHINDEX {
461,30.000000,-270.000000,18.000000,3.138271,1.570000,0.089437,0.000000,0.200000,0.058095;
}
APWITHINDEX {
462,-30.000000,-270.000000,24.000000,0.977834,-0.660383,0.000000,0.000000,-0.200000,-0.006529;
}
APWITHINDEX {
463,-24.000000,-270.000000,24.000000,0.955593,-0.670236,0.000000,0.000000,-0.200000,0.018831;
}
APWITHINDEX {
464,-18.000000,-270.000000,24.000000,0.957324,-0.663064,0.000000,0.000000,-0.200000,0.046666;
}
APWITHINDEX {
465,-12.000000,-270.000000,24.000000,1.015698,-0.610584,0.000000,0.000000,-0.200000,0.073556;
}
APWITHINDEX {
466,-6.000000,-270.000000,24.000000,1.119348,-0.522964,0.000000,0.000000,-0.185685,0.115613;
}
APWITHINDEX {
467,0.000000,-270.000000,24.000000,1.219267,-0.435870,0.000000,0.000000,-0.136319,0.169977;
}
APWITHINDEX {
468,6.000000,-270.000000,24.000000,1.194265,-0.425123,0.000000,0.000000,-0.057512,0.269643;
}
APWITHINDEX {
469,12.000000,-270.000000,24.000000,1.797853,0.788736,0.027408,0.000000,0.200000,-0.314695;
}
APWITHINDEX {
470,18.000000,-270.000000,24.000000,3.176502,1.570000,0.107247,0.000000,0.200000,0.024957;
}
APWITHINDEX {
471,24.000000,-270.000000,24.000000,3.167935,1.570000,0.092382,0.000000,0.200000,0.043934;
}
APWITHINDEX {
472,30.000000,-270.000000,24.000000,3.160320,1.570000,0.083859,0.000000,0.200000,0.063194;
}
APWITHINDEX {
473,-30.000000,-270.000000,30.000000,1.218679,-0.473511,0.000000,0.000000,-0.200000,0.051359;
}
APWITHINDEX {
474,-24.000000,-270.000000,30.000000,1.165002,-0.509152,0.000000,0.000000,-0.200000,0.059067;
}
APWITHINDEX {
475,-18.000000,-270.000000,30.000000,1.127634,-0.532111,0.000000,0.000000,-0.200000,0.075332;
}
APWITHINDEX {
476,-12.000000,-270.000000,30.000000,1.249590,-0.428980,0.000000,0.000000,-0.182547,0.126518;
}
APWITHINDEX {
477,-6.000000,-270.000000,30.000000,1.358860,-0.333547,0.000000,0.000000,-0.127478,0.185930;
}
APWITHINDEX {
478,0.000000,-270.000000,30.000000,1.418644,-0.277401,0.000000,0.000000,-0.097699,0.246291;
}
APWITHINDEX {
479,6.000000,-270.000000,30.000000,1.272703,-0.390356,0.000000,0.000000,-0.171408,0.268261;
}
APWITHINDEX {
480,12.000000,-270.000000,30.000000,1.850304,0.765465,0.029994,0.000000,0.200000,-0.227505;
}
APWITHINDEX {
481,18.000000,-270.000000,30.000000,1.229014,-0.431149,0.000000,0.000000,-0.200000,0.296450;
}
APWITHINDEX {
482,24.000000,-270.000000,30.000000,1.831578,0.745355,0.031603,0.000000,0.200000,-0.205007;
}
APWITHINDEX {
483,30.000000,-270.000000,30.000000,3.180184,1.570000,0.077730,0.000000,0.200000,0.067979;
}
APWITHINDEX {
484,-30.000000,-300.000000,-30.000000,-0.132834,-1.570000,0.000000,0.000000,-0.200000,-0.249382;
}
APWITHINDEX {
485,-24.000000,-300.000000,-30.000000,-0.140759,-1.570000,0.000000,0.000000,-0.200000,-0.229992;
}
APWITHINDEX {
486,-18.000000,-300.000000,-30.000000,-0.154721,-1.570000,0.000000,0.000000,-0.200000,-0.205627;
}
APWITHINDEX {
487,-12.000000,-300.000000,-30.000000,-0.166710,-1.570000,0.000000,0.000000,-0.200000,-0.161462;
}
APWITHINDEX {
488,-6.000000,-300.000000,-30.000000,0.994881,-0.961003,0.000000,0.000000,-0.132080,0.574979;
}
APWITHINDEX {
489,0.000000,-300.000000,-30.000000,-0.150182,-1.570000,0.000000,0.000000,-0.200000,-0.096283;
}
APWITHINDEX {
490,6.000000,-300.000000,-30.000000,0.267094,-1.570000,0.000000,0.000000,0.085627,-0.078491;
}
APWITHINDEX {
491,12.000000,-300.000000,-30.000000,-0.155867,-1.570000,0.002016,0.000000,0.200000,0.278649;
}
APWITHINDEX {
492,18.000000,-300.000000,-30.000000,-0.161404,-1.570000,0.002663,0.000000,0.200000,0.296239;
}
APWITHINDEX {
493,24.000000,-300.000000,-30.000000,-0.167230,-1.570000,0.002974,0.000000,0.200000,0.313991;
}
APWITHINDEX {
494,30.000000,-300.000000,-30.000000,-0.173130,-1.570000,0.003148,0.000000,0.200000,0.331756;
}
APWITHINDEX {
495,-30.000000,-300.000000,-24.000000,-0.112635,-1.570000,0.000000,0.000000,-0.200000,-0.242534;
}
APWITHINDEX {
496,-24.000000,-300.000000,-24.000000,-0.117331,-1.570000,0.000000,0.000000,-0.200000,-0.224122;
}
APWITHINDEX {
497,-18.000000,-300.000000,-24.000000,-0.122070,-1.570000,0.000000,0.000000,-0.200000,-0.205638;
}
APWITHINDEX {
498,-12.000000,-300.000000,-24.000000,-0.130386,-1.570000,0.000000,0.000000,-0.200000,-0.186084;
}
APWITHINDEX {
499,-6.000000,-300.000000,-24.000000,-0.149884,-1.570000,0.000000,0.000000,-0.200000,-0.154630;
}
APWITHINDEX {
500,0.000000,-300.000000,-24.000000,-0.157342,-1.570000,0.000000,0.000000,-0.200000,-0.118219;
}
APWITHINDEX {
501,6.000000,-300.000000,-24.000000,0.378915,-1.570000,0.000000,0.000000,0.101043,-0.095870;
}
APWITHINDEX {
502,12.000000,-300.000000,-24.000000,-0.135702,-1.570000,0.003223,0.000000,0.200000,0.285083;
}
APWITHINDEX {
503,18.000000,-300.000000,-24.000000,-0.141273,-1.570000,0.004078,0.000000,0.200000,0.303006;
}
APWITHINDEX {
504,24.000000,-300.000000,-24.000000,-0.147259,-1.570000,0.004265,0.000000,0.200000,0.320977;
}
APWITHINDEX {
505,30.000000,-300.000000,-24.000000,-0.153292,-1.570000,0.004252,0.000000,0.200000,0.338873;
}
APWITHINDEX {
506,-30.000000,-300.000000,-18.000000,-0.093138,-1.570000,0.000000,0.000000,-0.200000,-0.235474;
}
APWITHINDEX {
507,-24.000000,-300.000000,-18.000000,-0.097809,-1.570000,0.000000,0.000000,-0.200000,-0.217025;
}
APWITHINDEX {
508,-18.000000,-300.000000,-18.000000,-0.102508,-1.570000,0.000000,0.000000,-0.200000,-0.198495;
}
APWITHINDEX {
509,-12.000000,-300.000000,-18.000000,-0.107274,-1.570000,0.000000,0.000000,-0.200000,-0.179908;
}
APWITHINDEX {
510,-6.000000,-300.000000,-18.000000,-0.112540,-1.570000,0.000000,0.000000,-0.200000,-0.161172;
}
APWITHINDEX {
511,0.000000,-300.000000,-18.000000,-0.120722,-1.570000,0.000000,0.000000,-0.200000,-0.141536;
}
APWITHINDEX {
512,6.000000,-300.000000,-18.000000,-0.110178,-1.570000,0.003517,0.000000,0.200000,0.273901;
}
APWITHINDEX {
513,12.000000,-300.000000,-18.000000,-0.115895,-1.570000,0.004149,0.000000,0.200000,0.291928;
}
APWITHINDEX {
514,18.000000,-300.000000,-18.000000,-0.121823,-1.570000,0.003476,0.000000,0.200000,0.309541;
}
APWITHINDEX {
515,24.000000,-300.000000,-18.000000,3.027829,1.570000,0.081496,0.000000,0.200000,-0.006446;
}
APWITHINDEX {
516,30.000000,-300.000000,-18.000000,3.025982,1.570000,0.116619,0.000000,0.200000,0.024819;
}
APWITHINDEX {
517,-30.000000,-300.000000,-12.000000,-0.073691,-1.570000,0.000000,0.000000,-0.200000,-0.228362;
}
APWITHINDEX {
518,-24.000000,-300.000000,-12.000000,-0.077007,-1.570000,0.000000,0.000000,-0.200000,-0.209534;
}
APWITHINDEX {
519,-18.000000,-300.000000,-12.000000,-0.081125,-1.570000,0.000000,0.000000,-0.200000,-0.191101;
}
APWITHINDEX {
520,-12.000000,-300.000000,-12.000000,-0.085818,-1.570000,0.000000,0.000000,-0.200000,-0.172345;
}
APWITHINDEX {
521,-6.000000,-300.000000,-12.000000,-0.090744,-1.570000,0.000000,0.000000,-0.200000,-0.153597;
}
APWITHINDEX {
522,0.000000,-300.000000,-12.000000,-0.096278,-1.570000,0.000000,0.000000,-0.200000,-0.134739;
}
APWITHINDEX {
523,6.000000,-300.000000,-12.000000,-0.088629,-1.570000,0.003899,0.000000,0.200000,0.280970;
}
APWITHINDEX {
524,12.000000,-300.000000,-12.000000,-0.094396,-1.570000,0.004496,0.000000,0.200000,0.299105;
}
APWITHINDEX {
525,18.000000,-300.000000,-12.000000,0.648123,-0.864560,0.000000,0.000000,-0.200000,0.123165;
}
APWITHINDEX {
526,24.000000,-300.000000,-12.000000,0.412147,-1.570000,0.001112,0.000000,0.139097,-0.077663;
}
APWITHINDEX {
527,30.000000,-300.000000,-12.000000,-0.111184,-1.570000,0.004231,0.000000,0.200000,0.352265;
}
APWITHINDEX {
528,-30.000000,-300.000000,-6.000000,-0.051196,-1.570000,0.000000,0.000000,-0.200000,-0.221012;
}
APWITHINDEX {
529,-24.000000,-300.000000,-6.000000,-0.056929,-1.570000,0.000000,0.000000,-0.200000,-0.202277;
}
APWITHINDEX {
530,-18.000000,-300.000000,-6.000000,-0.061796,-1.570000,0.000000,0.000000,-0.200000,-0.183649;
}
APWITHINDEX {
531,-12.000000,-300.000000,-6.000000,-0.066456,-1.570000,0.000000,0.000000,-0.200000,-0.164995;
}
APWITHINDEX {
532,-6.000000,-300.000000,-6.000000,-0.071216,-1.570000,0.000000,0.000000,-0.200000,-0.146294;
}
APWITHINDEX {
533,0.000000,-300.000000,-6.000000,-0.079644,-1.570000,0.000000,0.000000,-0.200000,-0.126539;
}
APWITHINDEX {
534,6.000000,-300.000000,-6.000000,-0.068869,-1.570000,0.004646,0.000000,0.200000,0.287763;
}
APWITHINDEX {
535,12.000000,-300.000000,-6.000000,0.733977,-0.801810,0.000000,0.000000,-0.200000,0.127998;
}
APWITHINDEX {
536,18.000000,-300.000000,-6.000000,0.529063,-1.570000,0.003774,0.000000,0.147389,-0.059816;
}
APWITHINDEX {
537,24.000000,-300.000000,-6.000000,3.062469,1.570000,0.070094,0.000000,0.200000,0.064179;
}
APWITHINDEX {
538,30.000000,-300.000000,-6.000000,0.414415,-1.570000,0.003211,0.000000,0.143175,0.004243;
}
APWITHINDEX {
539,-30.000000,-300.000000,0.000000,0.083625,-1.474911,0.000000,0.000000,-0.200000,-0.197124;
}
APWITHINDEX {
540,-24.000000,-300.000000,0.000000,-0.032390,-1.570000,0.000000,0.000000,-0.200000,-0.195734;
}
APWITHINDEX {
541,-18.000000,-300.000000,0.000000,-0.041968,-1.570000,0.000000,0.000000,-0.200000,-0.176505;
}
APWITHINDEX {
542,-12.000000,-300.000000,0.000000,-0.046361,-1.570000,0.000000,0.000000,-0.200000,-0.157894;
}
APWITHINDEX {
543,-6.000000,-300.000000,0.000000,-0.045991,-1.570000,0.000000,0.000000,-0.200000,-0.139732;
}
APWITHINDEX {
544,0.000000,-300.000000,0.000000,-0.018001,-1.570000,0.000000,0.000000,-0.200000,-0.070430;
}
APWITHINDEX {
545,6.000000,-300.000000,0.000000,0.853640,-0.709002,0.000000,0.000000,-0.198037,0.140520;
}
APWITHINDEX {
546,12.000000,-300.000000,0.000000,0.617497,-1.568957,0.006721,0.000000,0.143730,-0.001172;
}
APWITHINDEX {
547,18.000000,-300.000000,0.000000,3.088987,1.570000,0.068019,0.000000,0.200000,0.050601;
}
APWITHINDEX {
548,24.000000,-300.000000,0.000000,0.607857,-1.570000,0.006896,0.000000,0.153484,0.006476;
}
APWITHINDEX {
549,30.000000,-300.000000,0.000000,3.075931,1.570000,0.070788,0.000000,0.200000,0.089410;
}
APWITHINDEX {
550,-30.000000,-300.000000,6.000000,0.558926,-0.985023,0.000000,0.000000,-0.200000,-0.080034;
}
APWITHINDEX {
551,-24.000000,-300.000000,6.000000,0.565562,-0.975845,0.000000,0.000000,-0.200000,-0.058962;
}
APWITHINDEX {
552,-18.000000,-300.000000,6.000000,0.575113,-0.963890,0.000000,0.000000,-0.200000,-0.037290;
}
APWITHINDEX {
553,-12.000000,-300.000000,6.000000,0.612455,-0.925203,0.000000,0.000000,-0.200000,-0.009625;
}
APWITHINDEX {
554,-6.000000,-300.000000,6.000000,0.641584,-0.894608,0.000000,0.000000,-0.200000,0.016214;
}
APWITHINDEX {
555,0.000000,-300.000000,6.000000,0.665714,-0.868745,0.000000,0.000000,-0.200000,0.041783;
}
APWITHINDEX {
556,6.000000,-300.000000,6.000000,3.123190,1.570000,0.090708,0.000000,0.200000,-0.038846;
}
APWITHINDEX {
557,12.000000,-300.000000,6.000000,3.118196,1.570000,0.101267,0.000000,0.200000,-0.016824;
}
APWITHINDEX {
558,18.000000,-300.000000,6.000000,3.113908,1.570000,0.113643,0.000000,0.200000,0.005729;
}
APWITHINDEX {
559,24.000000,-300.000000,6.000000,3.107069,1.570000,0.106988,0.000000,0.200000,0.023305;
}
APWITHINDEX {
560,30.000000,-300.000000,6.000000,3.099774,1.570000,0.098095,0.000000,0.200000,0.040122;
}
APWITHINDEX {
561,-30.000000,-300.000000,12.000000,0.645433,-0.920852,0.000000,0.000000,-0.200000,-0.058691;
}
APWITHINDEX {
562,-24.000000,-300.000000,12.000000,0.649345,-0.914478,0.000000,0.000000,-0.200000,-0.038087;
}
APWITHINDEX {
563,-18.000000,-300.000000,12.000000,0.656036,-0.905474,0.000000,0.000000,-0.200000,-0.016962;
}
APWITHINDEX {
564,-12.000000,-300.000000,12.000000,0.702388,-0.858330,0.000000,0.000000,-0.200000,0.013011;
}
APWITHINDEX {
565,-6.000000,-300.000000,12.000000,0.737294,-0.822440,0.000000,0.000000,-0.200000,0.040182;
}
APWITHINDEX {
566,0.000000,-300.000000,12.000000,0.765949,-0.792550,0.000000,0.000000,-0.200000,0.066395;
}
APWITHINDEX {
567,6.000000,-300.000000,12.000000,3.143612,1.570000,0.102227,0.000000,0.200000,-0.030661;
}
APWITHINDEX {
568,12.000000,-300.000000,12.000000,3.138970,1.570000,0.113273,0.000000,0.200000,-0.008659;
}
APWITHINDEX {
569,18.000000,-300.000000,12.000000,3.135219,1.570000,0.126109,0.000000,0.200000,0.013796;
}
APWITHINDEX {
570,24.000000,-300.000000,12.000000,3.128321,1.570000,0.118778,0.000000,0.200000,0.031435;
}
APWITHINDEX {
571,30.000000,-300.000000,12.000000,3.120694,1.570000,0.109004,0.000000,0.200000,0.048317;
}
APWITHINDEX {
572,-30.000000,-300.000000,18.000000,0.731124,-0.857668,0.000000,0.000000,-0.200000,-0.037063;
}
APWITHINDEX {
573,-24.000000,-300.000000,18.000000,0.730870,-0.855463,0.000000,0.000000,-0.200000,-0.017293;
}
APWITHINDEX {
574,-18.000000,-300.000000,18.000000,0.731860,-0.852101,0.000000,0.000000,-0.200000,0.002598;
}
APWITHINDEX {
575,-12.000000,-300.000000,18.000000,0.788409,-0.795396,0.000000,0.000000,-0.200000,0.034944;
}
APWITHINDEX {
576,-6.000000,-300.000000,18.000000,0.831023,-0.752252,0.000000,0.000000,-0.200000,0.064150;
}
APWITHINDEX {
577,0.000000,-300.000000,18.000000,0.864736,-0.717797,0.000000,0.000000,-0.200000,0.091194;
}
APWITHINDEX {
578,6.000000,-300.000000,18.000000,3.164596,1.570000,0.117107,0.000000,0.200000,-0.022267;
}
APWITHINDEX {
579,12.000000,-300.000000,18.000000,3.160431,1.570000,0.127901,0.000000,0.200000,-0.000492;
}
APWITHINDEX {
580,18.000000,-300.000000,18.000000,3.157498,1.570000,0.142028,0.000000,0.200000,0.022007;
}
APWITHINDEX {
581,24.000000,-300.000000,18.000000,3.150583,1.570000,0.133374,0.000000,0.200000,0.039584;
}
APWITHINDEX {
582,30.000000,-300.000000,18.000000,3.142914,1.570000,0.123376,0.000000,0.200000,0.056738;
}
APWITHINDEX {
583,-30.000000,-300.000000,24.000000,0.849949,-0.763164,0.000000,0.000000,-0.200000,-0.008935;
}
APWITHINDEX {
584,-24.000000,-300.000000,24.000000,0.855836,-0.754919,0.000000,0.000000,-0.200000,0.013157;
}
APWITHINDEX {
585,-18.000000,-300.000000,24.000000,0.864990,-0.743799,0.000000,0.000000,-0.200000,0.035263;
}
APWITHINDEX {
586,-12.000000,-300.000000,24.000000,0.912209,-0.696383,0.000000,0.000000,-0.200000,0.065472;
}
APWITHINDEX {
587,-6.000000,-300.000000,24.000000,0.950660,-0.657854,0.000000,0.000000,-0.200000,0.092694;
}
APWITHINDEX {
588,0.000000,-300.000000,24.000000,0.983334,-0.625105,0.000000,0.000000,-0.200000,0.118424;
}
APWITHINDEX {
589,6.000000,-300.000000,24.000000,3.183906,1.570000,0.117612,0.000000,0.200000,-0.017279;
}
APWITHINDEX {
590,12.000000,-300.000000,24.000000,3.179442,1.570000,0.125454,0.000000,0.200000,0.003704;
}
APWITHINDEX {
591,18.000000,-300.000000,24.000000,3.175836,1.570000,0.135520,0.000000,0.200000,0.025124;
}
APWITHINDEX {
592,24.000000,-300.000000,24.000000,3.169179,1.570000,0.129420,0.000000,0.200000,0.043365;
}
APWITHINDEX {
593,30.000000,-300.000000,24.000000,3.161704,1.570000,0.120470,0.000000,0.200000,0.060883;
}
APWITHINDEX {
594,-30.000000,-300.000000,30.000000,0.980162,-0.661628,0.000000,0.000000,-0.200000,0.016316;
}
APWITHINDEX {
595,-24.000000,-300.000000,30.000000,0.981268,-0.654985,0.000000,0.000000,-0.200000,0.042085;
}
APWITHINDEX {
596,-18.000000,-300.000000,30.000000,0.993964,-0.639922,0.000000,0.000000,-0.200000,0.066598;
}
APWITHINDEX {
597,-12.000000,-300.000000,30.000000,1.037958,-0.597167,0.000000,0.000000,-0.200000,0.093266;
}
APWITHINDEX {
598,-6.000000,-300.000000,30.000000,1.090052,-0.550292,0.000000,0.000000,-0.200000,0.118591;
}
APWITHINDEX {
599,0.000000,-300.000000,30.000000,1.161975,-0.488142,0.000000,0.000000,-0.188444,0.152220;
}
APWITHINDEX {
600,6.000000,-300.000000,30.000000,1.257335,-0.402745,0.000000,0.000000,-0.171486,0.257548;
}
APWITHINDEX {
601,12.000000,-300.000000,30.000000,1.921669,0.961172,0.028805,0.000000,0.200000,-0.377756;
}
APWITHINDEX {
602,18.000000,-300.000000,30.000000,3.170591,1.570000,0.062347,0.000000,0.200000,0.019898;
}
APWITHINDEX {
603,24.000000,-300.000000,30.000000,3.187057,1.570000,0.122576,0.000000,0.200000,0.046631;
}
APWITHINDEX {
604,30.000000,-300.000000,30.000000,3.179363,1.570000,0.112764,0.000000,0.200000,0.064082;
}
