LOCKONSYSTEMINFO {
filename="ktrobofcs2.txt";
pointnum=902;
dmin=10.000000;
dmax=100.000000;
mintate=6.000000;
maxtate=10.000000;
minyoko=6.000000;
maxyoko=10.000000;
dtate=2.000000;
dyoko=2.000000;
dd=10.000000;
}
APWITHINDEX {
0,-6.000000,-10.000000,-6.000000,-0.365145,-1.458545,0.000006,0.000000,-0.073022,-0.463899;
}
APWITHINDEX {
1,-4.000000,-10.000000,-6.000000,0.725857,-0.344933,0.000000,0.000000,-0.200000,-0.231668;
}
APWITHINDEX {
2,-2.000000,-10.000000,-6.000000,0.665235,-0.364569,0.000000,0.000000,-0.200000,-0.129062;
}
APWITHINDEX {
3,0.000000,-10.000000,-6.000000,0.553449,-0.502952,0.000000,0.000000,-0.200000,0.062919;
}
APWITHINDEX {
4,2.000000,-10.000000,-6.000000,0.520393,-0.459196,0.000000,0.000000,-0.200000,0.162422;
}
APWITHINDEX {
5,4.000000,-10.000000,-6.000000,-0.170166,-1.082266,0.000000,0.000000,-0.108811,0.169570;
}
APWITHINDEX {
6,6.000000,-10.000000,-6.000000,-0.149363,-1.034196,0.000000,0.000000,-0.014660,0.391934;
}
APWITHINDEX {
7,-6.000000,-10.000000,-4.000000,0.669619,-0.639168,0.000000,0.000000,-0.096531,-0.361517;
}
APWITHINDEX {
8,-4.000000,-10.000000,-4.000000,-0.370000,-1.570000,0.000000,0.000000,-0.093956,-0.366683;
}
APWITHINDEX {
9,-2.000000,-10.000000,-4.000000,0.202761,-0.937333,0.000000,0.000000,-0.048256,-0.329556;
}
APWITHINDEX {
10,0.000000,-10.000000,-4.000000,-0.084744,-1.257008,0.000000,0.000000,-0.196767,-0.061876;
}
APWITHINDEX {
11,2.000000,-10.000000,-4.000000,-0.046308,-1.194391,0.000000,0.000000,-0.191790,0.095325;
}
APWITHINDEX {
12,4.000000,-10.000000,-4.000000,-0.052072,-1.084641,0.001180,0.000000,-0.069605,0.320688;
}
APWITHINDEX {
13,6.000000,-10.000000,-4.000000,0.529348,-0.613761,0.000000,0.000000,-0.200000,0.536977;
}
APWITHINDEX {
14,-6.000000,-10.000000,-2.000000,2.466548,0.903591,0.000000,0.000000,-0.190026,-0.182571;
}
APWITHINDEX {
15,-4.000000,-10.000000,-2.000000,2.503844,1.016511,0.000000,0.000000,-0.200000,0.021245;
}
APWITHINDEX {
16,-2.000000,-10.000000,-2.000000,0.343269,-1.048203,0.000000,0.000000,-0.074669,-0.072664;
}
APWITHINDEX {
17,0.000000,-10.000000,-2.000000,1.670487,0.248727,0.000000,0.000000,-0.200000,0.281198;
}
APWITHINDEX {
18,2.000000,-10.000000,-2.000000,0.073003,-1.164431,0.000000,0.000000,-0.200000,0.140710;
}
APWITHINDEX {
19,4.000000,-10.000000,-2.000000,0.517460,-0.765701,0.000000,0.000000,-0.200000,0.429463;
}
APWITHINDEX {
20,6.000000,-10.000000,-2.000000,0.512480,-0.736603,0.000000,0.000000,-0.200000,0.557395;
}
APWITHINDEX {
21,-6.000000,-10.000000,0.000000,2.356907,0.595408,0.000000,0.000000,-0.044637,-0.199580;
}
APWITHINDEX {
22,-4.000000,-10.000000,0.000000,1.941897,0.207835,0.000000,0.000000,-0.039135,-0.039706;
}
APWITHINDEX {
23,-2.000000,-10.000000,0.000000,1.680894,0.033419,0.000000,0.000000,-0.096814,0.088807;
}
APWITHINDEX {
24,0.000000,-10.000000,0.000000,1.593354,0.025527,0.000000,0.000000,0.029527,0.217070;
}
APWITHINDEX {
25,2.000000,-10.000000,0.000000,0.993804,-0.615085,0.000000,0.000000,-0.107872,0.404906;
}
APWITHINDEX {
26,4.000000,-10.000000,0.000000,0.794296,-0.538402,0.065285,0.000000,0.197520,0.635132;
}
APWITHINDEX {
27,6.000000,-10.000000,0.000000,0.830875,-0.583433,0.000000,0.000000,-0.057064,0.654324;
}
APWITHINDEX {
28,-6.000000,-10.000000,2.000000,2.814250,0.885906,0.000000,0.000000,-0.063458,-0.161610;
}
APWITHINDEX {
29,-4.000000,-10.000000,2.000000,2.452529,0.570762,0.000000,0.000000,-0.030775,-0.033659;
}
APWITHINDEX {
30,-2.000000,-10.000000,2.000000,2.119032,0.278428,0.000000,0.000000,-0.034090,0.152786;
}
APWITHINDEX {
31,0.000000,-10.000000,2.000000,1.946691,0.201653,0.000000,0.000000,0.073071,0.263229;
}
APWITHINDEX {
32,2.000000,-10.000000,2.000000,0.808622,-0.928390,0.000000,0.000000,-0.200000,0.400304;
}
APWITHINDEX {
33,4.000000,-10.000000,2.000000,0.049776,-1.570000,0.000000,0.000000,-0.200000,0.390400;
}
APWITHINDEX {
34,6.000000,-10.000000,2.000000,1.384575,-0.096232,0.000000,0.000000,0.103724,0.754386;
}
APWITHINDEX {
35,-6.000000,-10.000000,4.000000,3.500000,1.570000,0.000000,0.000000,0.200000,-0.447449;
}
APWITHINDEX {
36,-4.000000,-10.000000,4.000000,2.577024,0.515018,0.000000,0.000000,0.027627,0.048443;
}
APWITHINDEX {
37,-2.000000,-10.000000,4.000000,3.326829,1.570000,0.000031,0.000000,-0.200000,0.368103;
}
APWITHINDEX {
38,0.000000,-10.000000,4.000000,2.218460,0.349476,0.000000,0.000000,0.136762,0.286689;
}
APWITHINDEX {
39,2.000000,-10.000000,4.000000,2.515450,0.721593,0.000000,0.000000,0.090779,0.479237;
}
APWITHINDEX {
40,4.000000,-10.000000,4.000000,1.983467,0.279010,0.063927,0.000000,0.200000,0.690024;
}
APWITHINDEX {
41,6.000000,-10.000000,4.000000,0.723664,-1.160197,0.000000,0.000000,-0.099565,0.708693;
}
APWITHINDEX {
42,-6.000000,-10.000000,6.000000,2.990347,0.808467,0.000000,0.000000,0.053387,-0.118128;
}
APWITHINDEX {
43,-4.000000,-10.000000,6.000000,2.838686,0.642275,0.004017,0.000000,0.030741,0.083602;
}
APWITHINDEX {
44,-2.000000,-10.000000,6.000000,3.345749,1.294087,0.000000,0.000000,-0.200000,0.504773;
}
APWITHINDEX {
45,0.000000,-10.000000,6.000000,3.402726,1.570000,0.000035,0.000000,-0.200000,0.626970;
}
APWITHINDEX {
46,2.000000,-10.000000,6.000000,0.559523,-1.522954,0.000000,0.000000,-0.200000,0.313725;
}
APWITHINDEX {
47,4.000000,-10.000000,6.000000,1.297954,-0.841981,0.000000,0.000000,-0.093606,0.694516;
}
APWITHINDEX {
48,6.000000,-10.000000,6.000000,0.809686,-1.147582,0.025981,0.000000,0.041531,0.829527;
}
APWITHINDEX {
49,-6.444445,-20.000000,-6.444445,-0.176031,-1.459916,0.000000,0.000000,-0.200000,-0.392555;
}
APWITHINDEX {
50,-4.444445,-20.000000,-6.444445,-0.303501,-1.570000,0.000000,0.000000,-0.200000,-0.330433;
}
APWITHINDEX {
51,-2.444445,-20.000000,-6.444445,-0.369330,-1.570000,0.000000,0.000000,-0.200000,-0.288706;
}
APWITHINDEX {
52,-0.444445,-20.000000,-6.444445,1.195072,-0.084302,0.000000,0.000000,-0.200000,0.121674;
}
APWITHINDEX {
53,1.555555,-20.000000,-6.444445,1.174803,-0.042360,0.000000,0.000000,-0.107469,0.210926;
}
APWITHINDEX {
54,3.555555,-20.000000,-6.444445,1.158271,-0.074270,0.000000,0.000000,-0.200000,0.298503;
}
APWITHINDEX {
55,5.555555,-20.000000,-6.444445,0.027034,-1.120371,0.000000,0.000000,-0.079185,0.240603;
}
APWITHINDEX {
56,6.444445,-20.000000,-6.444445,-0.143926,-1.044370,0.000000,0.000000,-0.010381,0.387489;
}
APWITHINDEX {
57,-6.444445,-20.000000,-4.444445,1.121536,-0.274994,0.000000,0.000000,-0.189223,-0.151852;
}
APWITHINDEX {
58,-4.444445,-20.000000,-4.444445,1.704539,0.274583,0.000000,0.000000,-0.200000,0.062094;
}
APWITHINDEX {
59,-2.444445,-20.000000,-4.444445,0.272801,-1.102940,0.000000,0.000000,-0.083885,-0.086515;
}
APWITHINDEX {
60,-0.444445,-20.000000,-4.444445,-0.256905,-1.570000,0.000000,0.000000,-0.200000,-0.134457;
}
APWITHINDEX {
61,1.555555,-20.000000,-4.444445,-0.281300,-1.570000,0.000000,0.000000,-0.200000,-0.049794;
}
APWITHINDEX {
62,3.555555,-20.000000,-4.444445,-0.308346,-1.570000,0.000000,0.000000,0.096122,0.314101;
}
APWITHINDEX {
63,5.555555,-20.000000,-4.444445,0.105876,-1.127701,0.000000,0.000000,-0.094363,0.265868;
}
APWITHINDEX {
64,6.444445,-20.000000,-4.444445,-0.090504,-1.050759,0.001444,0.000000,-0.007231,0.411822;
}
APWITHINDEX {
65,-6.444445,-20.000000,-2.444445,0.375433,-1.101134,0.000000,0.000000,-0.200000,-0.268441;
}
APWITHINDEX {
66,-4.444445,-20.000000,-2.444445,0.535886,-0.940049,0.000000,0.000000,-0.122793,-0.097753;
}
APWITHINDEX {
67,-2.444445,-20.000000,-2.444445,0.455134,-0.994265,0.000000,0.000000,-0.131666,-0.080554;
}
APWITHINDEX {
68,-0.444445,-20.000000,-2.444445,0.172823,-1.250403,0.000000,0.000000,-0.147386,-0.037400;
}
APWITHINDEX {
69,1.555555,-20.000000,-2.444445,0.230449,-1.136365,0.000000,0.000000,0.017705,0.203661;
}
APWITHINDEX {
70,3.555555,-20.000000,-2.444445,0.084236,-1.269317,0.000000,0.000000,0.018404,0.262205;
}
APWITHINDEX {
71,5.555555,-20.000000,-2.444445,0.156622,-1.160354,0.000000,0.000000,-0.058542,0.305779;
}
APWITHINDEX {
72,6.444445,-20.000000,-2.444445,0.148319,-1.158080,0.000000,0.000000,-0.056643,0.339659;
}
APWITHINDEX {
73,-6.444445,-20.000000,-0.444445,1.271333,-0.332942,0.000000,0.000000,-0.194026,-0.056747;
}
APWITHINDEX {
74,-4.444445,-20.000000,-0.444445,1.292231,-0.310889,0.000000,0.000000,-0.200000,0.043137;
}
APWITHINDEX {
75,-2.444445,-20.000000,-0.444445,1.284612,-0.311613,0.000000,0.000000,-0.118308,0.133718;
}
APWITHINDEX {
76,-0.444445,-20.000000,-0.444445,0.184225,-1.332589,0.000000,0.000000,-0.026221,0.127344;
}
APWITHINDEX {
77,1.555555,-20.000000,-0.444445,0.235470,-1.227766,0.000000,0.000000,-0.027662,0.209684;
}
APWITHINDEX {
78,3.555555,-20.000000,-0.444445,0.052160,-1.368635,0.000000,0.000000,0.022863,0.307539;
}
APWITHINDEX {
79,5.555555,-20.000000,-0.444445,-0.139662,-1.570000,0.000000,0.000000,0.041106,0.384557;
}
APWITHINDEX {
80,6.444445,-20.000000,-0.444445,0.843896,-0.550245,0.054634,0.000000,0.200000,0.572548;
}
APWITHINDEX {
81,-6.444445,-20.000000,1.555555,1.687351,-0.050277,0.000000,0.000000,-0.053639,0.000996;
}
APWITHINDEX {
82,-4.444445,-20.000000,1.555555,1.485102,-0.207483,0.000000,0.000000,-0.003998,0.085945;
}
APWITHINDEX {
83,-2.444445,-20.000000,1.555555,1.452975,-0.227233,0.000000,0.000000,-0.038031,0.126096;
}
APWITHINDEX {
84,-0.444445,-20.000000,1.555555,1.020672,-0.629617,0.000000,0.000000,-0.097236,0.217383;
}
APWITHINDEX {
85,1.555555,-20.000000,1.555555,0.996399,-0.603875,0.020135,0.000000,0.128699,0.379713;
}
APWITHINDEX {
86,3.555555,-20.000000,1.555555,0.927083,-0.620165,0.033925,0.000000,0.200000,0.487310;
}
APWITHINDEX {
87,5.555555,-20.000000,1.555555,0.864037,-0.637582,0.046314,0.000000,0.200000,0.586108;
}
APWITHINDEX {
88,6.444445,-20.000000,1.555555,0.841240,-0.644944,0.050760,0.000000,0.200000,0.622517;
}
APWITHINDEX {
89,-6.444445,-20.000000,3.555555,1.920699,0.080573,0.000000,0.000000,-0.048383,0.022894;
}
APWITHINDEX {
90,-4.444445,-20.000000,3.555555,1.812600,0.018933,0.000000,0.000000,-0.085155,0.100872;
}
APWITHINDEX {
91,-2.444445,-20.000000,3.555555,1.186101,-0.578070,0.000000,0.000000,-0.200000,0.137948;
}
APWITHINDEX {
92,-0.444445,-20.000000,3.555555,1.055101,-0.722013,0.000000,0.000000,-0.184481,0.187080;
}
APWITHINDEX {
93,1.555555,-20.000000,3.555555,1.163687,-0.484934,0.000000,0.000000,0.096209,0.379663;
}
APWITHINDEX {
94,3.555555,-20.000000,3.555555,1.027097,-0.591977,0.000000,0.000000,0.086668,0.475220;
}
APWITHINDEX {
95,5.555555,-20.000000,3.555555,0.889746,-0.744750,0.000000,0.000000,-0.003424,0.493462;
}
APWITHINDEX {
96,6.444445,-20.000000,3.555555,0.855907,-0.682348,0.000000,0.000000,0.163456,0.603498;
}
APWITHINDEX {
97,-6.444445,-20.000000,5.555555,2.158863,0.235660,0.000000,0.000000,-0.026958,0.070015;
}
APWITHINDEX {
98,-4.444445,-20.000000,5.555555,3.361417,1.570000,0.000001,0.000000,-0.037814,0.112325;
}
APWITHINDEX {
99,-2.444445,-20.000000,5.555555,1.883830,0.077018,0.003142,0.000000,0.089151,0.192851;
}
APWITHINDEX {
100,-0.444445,-20.000000,5.555555,1.949641,0.154714,0.000000,0.000000,0.098579,0.254618;
}
APWITHINDEX {
101,1.555555,-20.000000,5.555555,2.087379,0.325593,0.000000,0.000000,0.057502,0.373126;
}
APWITHINDEX {
102,3.555555,-20.000000,5.555555,1.464919,-0.215825,0.032202,0.000000,0.187739,0.467267;
}
APWITHINDEX {
103,5.555555,-20.000000,5.555555,0.976415,-0.784144,0.017612,0.000000,0.047066,0.577868;
}
APWITHINDEX {
104,6.444445,-20.000000,5.555555,0.887066,-0.861352,0.018764,0.000000,0.047860,0.615076;
}
APWITHINDEX {
105,-6.444445,-20.000000,6.444445,2.260883,0.311583,0.000000,0.000000,-0.033250,0.059237;
}
APWITHINDEX {
106,-4.444445,-20.000000,6.444445,3.432030,1.570000,0.000001,0.000000,0.033804,0.046668;
}
APWITHINDEX {
107,-2.444445,-20.000000,6.444445,2.007007,0.164387,0.000847,0.000000,0.092003,0.196877;
}
APWITHINDEX {
108,-0.444445,-20.000000,6.444445,2.056452,0.233805,0.000000,0.000000,0.107867,0.256353;
}
APWITHINDEX {
109,1.555555,-20.000000,6.444445,1.183108,-0.728418,0.000000,0.000000,-0.200000,0.329339;
}
APWITHINDEX {
110,3.555555,-20.000000,6.444445,1.612965,-0.089643,0.035332,0.000000,0.198918,0.484643;
}
APWITHINDEX {
111,5.555555,-20.000000,6.444445,1.002032,-0.792129,0.018004,0.000000,0.045297,0.592108;
}
APWITHINDEX {
112,6.444445,-20.000000,6.444445,0.824830,-1.118189,0.026017,0.000000,0.049439,0.814555;
}
APWITHINDEX {
113,-6.888889,-30.000000,-6.888889,0.199529,-1.153481,0.000000,0.000000,-0.145099,-0.219208;
}
APWITHINDEX {
114,-4.888889,-30.000000,-6.888889,0.070757,-1.279438,0.000000,0.000000,-0.170479,-0.209745;
}
APWITHINDEX {
115,-2.888889,-30.000000,-6.888889,-0.040203,-1.373305,0.000000,0.000000,-0.143884,-0.137061;
}
APWITHINDEX {
116,-0.888889,-30.000000,-6.888889,1.591814,0.249219,0.000000,0.000000,-0.200000,0.205670;
}
APWITHINDEX {
117,1.111111,-30.000000,-6.888889,1.325713,-0.010192,0.000000,0.000000,-0.200000,0.216817;
}
APWITHINDEX {
118,3.111111,-30.000000,-6.888889,1.573689,0.243670,0.000000,0.000000,-0.200000,0.330049;
}
APWITHINDEX {
119,5.111111,-30.000000,-6.888889,-0.317634,-1.570000,0.000300,0.000000,0.104227,0.265252;
}
APWITHINDEX {
120,6.888889,-30.000000,-6.888889,0.123848,-1.129362,0.004545,0.000000,-0.069686,0.241565;
}
APWITHINDEX {
121,-6.888889,-30.000000,-4.888889,0.465272,-0.965901,0.000000,0.000000,-0.138379,-0.155926;
}
APWITHINDEX {
122,-4.888889,-30.000000,-4.888889,0.508905,-0.917665,0.000052,0.000000,-0.063925,-0.060657;
}
APWITHINDEX {
123,-2.888889,-30.000000,-4.888889,0.081330,-1.299749,0.000000,0.000000,-0.159870,-0.151746;
}
APWITHINDEX {
124,-0.888889,-30.000000,-4.888889,0.004565,-1.362674,0.000000,0.000000,-0.141341,-0.086289;
}
APWITHINDEX {
125,1.111111,-30.000000,-4.888889,1.422219,0.022571,0.000000,0.000000,-0.200000,0.249674;
}
APWITHINDEX {
126,3.111111,-30.000000,-4.888889,0.193773,-1.151590,0.003173,0.000000,0.034722,0.238807;
}
APWITHINDEX {
127,5.111111,-30.000000,-4.888889,0.176158,-1.155823,0.005433,0.000000,-0.067756,0.218474;
}
APWITHINDEX {
128,6.888889,-30.000000,-4.888889,0.163499,-1.146068,0.005515,0.000000,-0.052761,0.249435;
}
APWITHINDEX {
129,-6.888889,-30.000000,-2.888889,0.585399,-0.906849,0.000000,0.000000,-0.153145,-0.132434;
}
APWITHINDEX {
130,-4.888889,-30.000000,-2.888889,0.501843,-0.965006,0.000000,0.000000,-0.105122,-0.078205;
}
APWITHINDEX {
131,-2.888889,-30.000000,-2.888889,0.281883,-1.171979,0.000000,0.000000,-0.150723,-0.099395;
}
APWITHINDEX {
132,-0.888889,-30.000000,-2.888889,1.386281,-0.099737,0.000000,0.000000,-0.200000,0.184866;
}
APWITHINDEX {
55,5.555555,-20.000000,-6.444445,0.038915,-1.102480,0.001579,0.000000,0.036030,0.290503;
}
APWITHINDEX {
133,1.111111,-30.000000,-2.888889,0.222007,-1.200853,0.000985,0.000000,0.122455,0.268317;
}
APWITHINDEX {
134,3.111111,-30.000000,-2.888889,0.235714,-1.155016,0.001899,0.000000,0.095922,0.281667;
}
APWITHINDEX {
135,5.111111,-30.000000,-2.888889,0.114345,-1.255235,0.001753,0.000000,0.124656,0.363066;
}
APWITHINDEX {
136,6.888889,-30.000000,-2.888889,0.004466,-1.347786,0.000950,0.000000,0.170558,0.440554;
}
APWITHINDEX {
137,-6.888889,-30.000000,-0.888889,0.816533,-0.738641,0.000380,0.000000,-0.102807,-0.077835;
}
APWITHINDEX {
138,-4.888889,-30.000000,-0.888889,0.709013,-0.846459,0.000266,0.000000,-0.062970,-0.008787;
}
APWITHINDEX {
139,-2.888889,-30.000000,-0.888889,0.575947,-0.953030,0.000235,0.000000,-0.025250,0.055969;
}
APWITHINDEX {
140,-0.888889,-30.000000,-0.888889,0.340516,-1.166085,0.001316,0.000000,0.138451,0.235137;
}
APWITHINDEX {
141,1.111111,-30.000000,-0.888889,0.325246,-1.154433,0.004747,0.000000,0.099464,0.245645;
}
APWITHINDEX {
142,3.111111,-30.000000,-0.888889,0.205378,-1.253578,0.002529,0.000000,0.125406,0.317653;
}
APWITHINDEX {
143,5.111111,-30.000000,-0.888889,0.040719,-1.383100,0.002391,0.000000,0.200000,0.440524;
}
APWITHINDEX {
144,6.888889,-30.000000,-0.888889,-0.057388,-1.455473,0.002222,0.000000,0.200000,0.501747;
}
APWITHINDEX {
145,-6.888889,-30.000000,1.111111,1.271552,-0.392091,0.000012,0.000000,-0.032855,0.019760;
}
APWITHINDEX {
146,-4.888889,-30.000000,1.111111,1.287236,-0.366814,0.000018,0.000000,-0.008791,0.088423;
}
APWITHINDEX {
147,-2.888889,-30.000000,1.111111,1.261820,-0.370404,0.002160,0.000000,0.044788,0.143443;
}
APWITHINDEX {
148,-0.888889,-30.000000,1.111111,1.093827,-0.500405,0.002460,0.000000,0.027440,0.185627;
}
APWITHINDEX {
149,1.111111,-30.000000,1.111111,1.022150,-0.546787,0.008996,0.000000,0.139701,0.302316;
}
APWITHINDEX {
150,3.111111,-30.000000,1.111111,0.976041,-0.555119,0.026875,0.000000,0.182786,0.386016;
}
APWITHINDEX {
151,5.111111,-30.000000,1.111111,0.931519,-0.566198,0.035708,0.000000,0.200000,0.455505;
}
APWITHINDEX {
152,6.888889,-30.000000,1.111111,-0.145967,-1.520795,0.004303,0.000000,0.167186,0.445338;
}
APWITHINDEX {
153,-6.888889,-30.000000,3.111111,1.470484,-0.241369,0.000337,0.000000,0.012507,0.067703;
}
APWITHINDEX {
154,-4.888889,-30.000000,3.111111,1.474413,-0.233342,0.003683,0.000000,0.036863,0.111559;
}
APWITHINDEX {
155,-2.888889,-30.000000,3.111111,1.317138,-0.352710,0.002226,0.000000,0.032321,0.151487;
}
APWITHINDEX {
156,-0.888889,-30.000000,3.111111,1.075212,-0.565031,0.004833,0.000000,0.186037,0.284644;
}
APWITHINDEX {
157,1.111111,-30.000000,3.111111,1.017453,-0.593953,0.009589,0.000000,0.137157,0.340638;
}
APWITHINDEX {
158,3.111111,-30.000000,3.111111,0.994080,-0.616566,0.020306,0.000000,0.127413,0.391078;
}
APWITHINDEX {
159,5.111111,-30.000000,3.111111,0.039339,-1.300054,0.003687,0.000000,0.090828,0.335492;
}
APWITHINDEX {
160,6.888889,-30.000000,3.111111,0.903093,-0.635715,0.038174,0.000000,0.200000,0.528758;
}
APWITHINDEX {
161,-6.888889,-30.000000,5.111111,1.508878,-0.261309,0.001405,0.000000,0.078867,0.084273;
}
APWITHINDEX {
162,-4.888889,-30.000000,5.111111,1.487425,-0.265255,0.001585,0.000000,0.053842,0.120939;
}
APWITHINDEX {
163,-2.888889,-30.000000,5.111111,1.419068,-0.311300,0.001361,0.000000,0.077077,0.182376;
}
APWITHINDEX {
164,-0.888889,-30.000000,5.111111,1.380640,-0.329987,0.001620,0.000000,0.079917,0.244928;
}
APWITHINDEX {
165,1.111111,-30.000000,5.111111,1.028754,-0.633500,0.010124,0.000000,0.164492,0.373427;
}
APWITHINDEX {
166,3.111111,-30.000000,5.111111,1.002677,-0.630520,0.021408,0.000000,0.139872,0.409038;
}
APWITHINDEX {
167,5.111111,-30.000000,5.111111,0.975117,-0.642229,0.013335,0.000000,0.172956,0.467155;
}
APWITHINDEX {
168,6.888889,-30.000000,5.111111,0.927407,-0.649949,0.017317,0.000000,0.200000,0.530561;
}
APWITHINDEX {
169,-6.888889,-30.000000,6.888889,1.652150,-0.169571,0.000980,0.000000,0.091645,0.104434;
}
APWITHINDEX {
170,-4.888889,-30.000000,6.888889,1.639218,-0.153519,0.003912,0.000000,0.079541,0.135740;
}
APWITHINDEX {
171,-2.888889,-30.000000,6.888889,1.606154,-0.171642,0.001338,0.000000,0.116491,0.190701;
}
APWITHINDEX {
172,-0.888889,-30.000000,6.888889,1.562079,-0.190955,0.001528,0.000000,0.114895,0.250717;
}
APWITHINDEX {
173,1.111111,-30.000000,6.888889,1.209721,-0.494354,0.006389,0.000000,0.197713,0.388731;
}
APWITHINDEX {
174,3.111111,-30.000000,6.888889,1.154588,-0.529386,0.023042,0.000000,0.159828,0.414297;
}
APWITHINDEX {
175,5.111111,-30.000000,6.888889,1.099672,-0.607782,0.015269,0.000000,0.056223,0.472080;
}
APWITHINDEX {
176,6.888889,-30.000000,6.888889,1.023329,-0.688894,0.016242,0.000000,0.054193,0.514751;
}
APWITHINDEX {
177,-7.333333,-40.000000,-7.333333,0.384804,-1.030071,0.000030,0.000000,-0.082584,-0.120704;
}
APWITHINDEX {
178,-5.333333,-40.000000,-7.333333,0.333697,-1.063814,0.000000,0.000000,-0.077787,-0.062807;
}
APWITHINDEX {
179,-3.333333,-40.000000,-7.333333,0.182200,-1.206989,0.000121,0.000000,-0.077582,-0.057139;
}
APWITHINDEX {
180,-1.333333,-40.000000,-7.333333,-0.204466,-1.570000,0.000089,0.000000,0.057677,0.090942;
}
APWITHINDEX {
181,0.666667,-40.000000,-7.333333,-0.211502,-1.569887,0.000062,0.000000,0.109909,0.183381;
}
APWITHINDEX {
182,2.666667,-40.000000,-7.333333,-0.121103,-1.444334,0.000195,0.000000,0.156952,0.265618;
}
APWITHINDEX {
183,4.666667,-40.000000,-7.333333,0.037972,-1.293064,0.000024,0.000000,0.043589,0.225428;
}
APWITHINDEX {
184,6.666667,-40.000000,-7.333333,0.040954,-1.282252,0.000577,0.000000,0.031828,0.246445;
}
APWITHINDEX {
185,7.333333,-40.000000,-7.333333,-0.018236,-1.333853,0.000000,0.000000,0.034615,0.255339;
}
APWITHINDEX {
186,-7.333333,-40.000000,-5.333333,0.498495,-0.962649,0.000158,0.000000,-0.020433,-0.041931;
}
APWITHINDEX {
187,-5.333333,-40.000000,-5.333333,0.478885,-0.962492,0.000223,0.000000,-0.037409,-0.031976;
}
APWITHINDEX {
188,-3.333333,-40.000000,-5.333333,0.321751,-1.101726,0.000209,0.000000,-0.070030,-0.028048;
}
APWITHINDEX {
189,-1.333333,-40.000000,-5.333333,0.222428,-1.193537,0.000009,0.000000,-0.112759,-0.027100;
}
APWITHINDEX {
190,0.666667,-40.000000,-5.333333,-0.182739,-1.569726,0.000142,0.000000,0.200000,0.267544;
}
APWITHINDEX {
191,2.666667,-40.000000,-5.333333,0.135755,-1.243826,0.000862,0.000000,0.102149,0.254939;
}
APWITHINDEX {
192,4.666667,-40.000000,-5.333333,0.203090,-1.157910,0.003136,0.000000,0.053484,0.247795;
}
APWITHINDEX {
193,6.666667,-40.000000,-5.333333,0.143586,-1.204575,0.001388,0.000000,0.049040,0.286698;
}
APWITHINDEX {
194,7.333333,-40.000000,-5.333333,0.112375,-1.232743,0.001396,0.000000,0.063204,0.306371;
}
APWITHINDEX {
195,-7.333333,-40.000000,-3.333333,0.631094,-0.865730,0.000173,0.000000,-0.068557,-0.061491;
}
APWITHINDEX {
196,-5.333333,-40.000000,-3.333333,0.542055,-0.949384,0.000458,0.000000,-0.020168,-0.002565;
}
APWITHINDEX {
197,-3.333333,-40.000000,-3.333333,0.491698,-0.984132,0.000157,0.000000,-0.047020,0.021570;
}
APWITHINDEX {
198,-1.333333,-40.000000,-3.333333,0.300943,-1.157294,0.000190,0.000000,-0.071883,0.025908;
}
APWITHINDEX {
199,0.666667,-40.000000,-3.333333,0.282770,-1.166281,0.001166,0.000000,0.146520,0.254095;
}
APWITHINDEX {
200,2.666667,-40.000000,-3.333333,0.273726,-1.147713,0.004211,0.000000,0.092180,0.261672;
}
APWITHINDEX {
201,4.666667,-40.000000,-3.333333,0.222183,-1.182684,0.002192,0.000000,0.077253,0.287560;
}
APWITHINDEX {
202,6.666667,-40.000000,-3.333333,0.103671,-1.280296,0.002091,0.000000,0.132712,0.365149;
}
APWITHINDEX {
203,7.333333,-40.000000,-3.333333,0.056187,-1.318230,0.002042,0.000000,0.156181,0.401808;
}
APWITHINDEX {
204,-7.333333,-40.000000,-1.333333,0.764434,-0.780222,0.000276,0.000000,-0.091889,-0.046030;
}
APWITHINDEX {
205,-5.333333,-40.000000,-1.333333,0.674567,-0.859564,0.000236,0.000000,-0.062509,0.004474;
}
APWITHINDEX {
206,-3.333333,-40.000000,-1.333333,0.577950,-0.944724,0.000215,0.000000,-0.031587,0.055864;
}
APWITHINDEX {
207,-1.333333,-40.000000,-1.333333,0.328762,-1.185762,0.001195,0.000000,0.140271,0.229177;
}
APWITHINDEX {
208,0.666667,-40.000000,-1.333333,0.332921,-1.152760,0.004797,0.000000,0.091308,0.234675;
}
APWITHINDEX {
209,2.666667,-40.000000,-1.333333,0.275029,-1.192899,0.002428,0.000000,0.089241,0.266366;
}
APWITHINDEX {
210,4.666667,-40.000000,-1.333333,0.148086,-1.299308,0.002399,0.000000,0.133178,0.351278;
}
APWITHINDEX {
211,6.666667,-40.000000,-1.333333,0.026853,-1.402813,0.002368,0.000000,0.200000,0.436875;
}
APWITHINDEX {
212,7.333333,-40.000000,-1.333333,-0.012117,-1.436525,0.002382,0.000000,0.200000,0.452930;
}
APWITHINDEX {
213,-7.333333,-40.000000,0.666667,1.113339,-0.515797,0.000012,0.000000,-0.043120,0.039253;
}
APWITHINDEX {
214,-5.333333,-40.000000,0.666667,1.122561,-0.495204,0.000013,0.000000,-0.001700,0.090248;
}
APWITHINDEX {
215,-3.333333,-40.000000,0.666667,1.116008,-0.485044,0.001903,0.000000,0.038444,0.141506;
}
APWITHINDEX {
216,-1.333333,-40.000000,0.666667,1.068290,-0.517930,0.002489,0.000000,0.015188,0.192019;
}
APWITHINDEX {
217,0.666667,-40.000000,0.666667,1.031945,-0.518012,0.008746,0.000000,0.133488,0.270960;
}
APWITHINDEX {
218,2.666667,-40.000000,0.666667,1.001078,-0.521220,0.022999,0.000000,0.166145,0.332476;
}
APWITHINDEX {
219,4.666667,-40.000000,0.666667,0.964464,-0.529517,0.030290,0.000000,0.200000,0.389079;
}
APWITHINDEX {
220,6.666667,-40.000000,0.666667,0.934136,-0.540170,0.018393,0.000000,0.190756,0.422900;
}
APWITHINDEX {
221,7.333333,-40.000000,0.666667,0.920519,-0.540801,0.038989,0.000000,0.200000,0.457774;
}
APWITHINDEX {
222,-7.333333,-40.000000,2.666667,1.380321,-0.299907,0.000012,0.000000,-0.001015,0.073077;
}
APWITHINDEX {
223,-5.333333,-40.000000,2.666667,1.364149,-0.299089,0.001981,0.000000,0.035136,0.112700;
}
APWITHINDEX {
224,-3.333333,-40.000000,2.666667,1.280356,-0.356700,0.002086,0.000000,0.032081,0.151661;
}
APWITHINDEX {
225,-1.333333,-40.000000,2.666667,1.092989,-0.517667,0.002689,0.000000,0.030713,0.193852;
}
APWITHINDEX {
226,0.666667,-40.000000,2.666667,1.026219,-0.552537,0.009093,0.000000,0.150863,0.302228;
}
APWITHINDEX {
227,2.666667,-40.000000,2.666667,1.010849,-0.566956,0.018791,0.000000,0.129243,0.340543;
}
APWITHINDEX {
228,4.666667,-40.000000,2.666667,0.133544,-1.255403,0.004083,0.000000,0.078919,0.290547;
}
APWITHINDEX {
229,6.666667,-40.000000,2.666667,0.936295,-0.584516,0.033594,0.000000,0.200000,0.456017;
}
APWITHINDEX {
230,7.333333,-40.000000,2.666667,0.927011,-0.587849,0.035675,0.000000,0.200000,0.472913;
}
APWITHINDEX {
231,-7.333333,-40.000000,4.666667,1.465286,-0.240480,0.001888,0.000000,0.054500,0.103322;
}
APWITHINDEX {
232,-5.333333,-40.000000,4.666667,1.457791,-0.246409,0.001723,0.000000,0.028642,0.125673;
}
APWITHINDEX {
233,-3.333333,-40.000000,4.666667,1.268156,-0.405143,0.002416,0.000000,0.050413,0.170143;
}
APWITHINDEX {
234,-1.333333,-40.000000,4.666667,1.238211,-0.423743,0.001585,0.000000,0.083749,0.228055;
}
APWITHINDEX {
235,0.666667,-40.000000,4.666667,1.041946,-0.580427,0.009401,0.000000,0.156432,0.322700;
}
APWITHINDEX {
236,2.666667,-40.000000,4.666667,1.008895,-0.605535,0.009569,0.000000,0.129331,0.355065;
}
APWITHINDEX {
237,4.666667,-40.000000,4.666667,0.989729,-0.622786,0.020773,0.000000,0.128995,0.398767;
}
APWITHINDEX {
238,6.666667,-40.000000,4.666667,0.950562,-0.628439,0.028766,0.000000,0.177001,0.458192;
}
APWITHINDEX {
239,7.333333,-40.000000,0.933493,-0.630664,0.032013,0.000000,0.195797,0.482439;
}
APWITHINDEX {
240,-7.333333,-40.000000,6.666667,1.499249,-0.244759,0.003956,0.054244,0.112315;
}
APWITHINDEX {
241,-5.333333,-40.000000,6.666667,1.461895,-0.269346,0.002243,0.000000,0.062013,0.142717;
}
APWITHINDEX {
242,-3.333333,-40.000000,6.666667,1.434224,-0.279605,0.002681,0.000000,0.072748,0.188711;
}
APWITHINDEX {
243,-1.333333,-40.000000,6.666667,1.397994,-0.302862,0.001555,0.000000,0.117494,0.244273;
}
APWITHINDEX {
244,0.666667,-40.000000,6.666667,1.206241,-0.446481,0.006075,0.000000,0.199615,0.331866;
}
APWITHINDEX {
245,2.666667,-40.000000,6.666667,1.018557,-0.629628,0.010448,0.000000,0.141557,0.379875;
}
APWITHINDEX {
246,4.666667,-40.000000,6.666667,0.998722,-0.628555,0.022013,0.000000,0.143438,0.411462;
}
APWITHINDEX {
247,6.666667,-40.000000,6.666667,0.984034,-0.635336,0.013330,0.000000,0.173599,0.468049;
}
APWITHINDEX {
248,7.333333,-40.000000,6.666667,0.969850,-0.638701,0.013212,0.000000,0.149847,0.467698;
}
APWITHINDEX {
249,-7.333333,-40.000000,7.333333,1.523968,-0.237864,0.001895,0.000000,0.073901,0.102093;
}
APWITHINDEX {
250,-5.333333,-40.000000,7.333333,1.518482,-0.231020,0.002275,0.000000,0.059274,0.145265;
}
APWITHINDEX {
251,-3.333333,-40.000000,7.333333,1.488151,-0.248357,0.001400,0.000000,0.122469,0.196570;
}
APWITHINDEX {
252,-1.333333,-40.000000,7.333333,1.455159,-0.253479,0.002863,0.000000,0.104760,0.237965;
}
APWITHINDEX {
253,0.666667,-40.000000,7.333333,1.488689,-0.182162,0.007391,0.000000,0.200000,0.303761;
}
APWITHINDEX {
254,2.666667,-40.000000,7.333333,1.073441,-0.603840,0.010523,0.000000,0.163797,0.388390;
}
APWITHINDEX {
255,4.666667,-40.000000,7.333333,1.074629,-0.578525,0.021358,0.000000,0.141714,0.404467;
}
APWITHINDEX {
256,6.666667,-40.000000,7.333333,0.980732,-0.642952,0.013525,0.000000,0.158284,0.459215;
}
APWITHINDEX {
257,7.333333,-40.000000,7.333333,0.974165,-0.634598,0.014095,0.000000,0.171049,0.480090;
}
APWITHINDEX {
258,-7.777778,-50.000000,-7.777778,0.441224,-0.992385,0.000065,0.000000,-0.061055,-0.063268;
}
APWITHINDEX {
259,-5.777778,-50.000000,-7.777778,0.471095,-0.954980,0.000048,0.000000,-0.054877,-0.035233;
}
APWITHINDEX {
260,-3.777778,-50.000000,-7.777778,0.213870,-1.179962,0.000056,0.000000,-0.080081,-0.042383;
}
APWITHINDEX {
261,-1.777778,-50.000000,-7.777778,0.095903,-1.301118,0.000007,0.000000,-0.114382,-0.052400;
}
APWITHINDEX {
262,0.222222,-50.000000,-7.777778,-0.198314,-1.570000,0.000000,0.000000,0.032085,0.101411;
}
APWITHINDEX {
263,2.222222,-50.000000,-7.777778,-0.094048,-1.457685,0.000150,0.000000,0.200000,0.290909;
}
APWITHINDEX {
264,4.222222,-50.000000,-7.777778,0.020368,-1.347729,0.000158,0.000000,0.126163,0.265464;
}
APWITHINDEX {
265,6.222222,-50.000000,-7.777778,0.183438,-1.173045,0.003067,0.000000,0.038442,0.239534;
}
APWITHINDEX {
266,7.777778,-50.000000,-7.777778,0.087910,-1.253134,0.001525,0.000000,0.037727,0.246891;
}
APWITHINDEX {
267,-7.777778,-50.000000,-5.777778,0.504846,-0.963983,0.000398,0.000000,-0.022583,-0.018618;
}
APWITHINDEX {
268,-5.777778,-50.000000,-5.777778,0.472848,-0.977674,0.000196,0.000000,-0.055251,-0.021924;
}
APWITHINDEX {
269,-3.777778,-50.000000,-5.777778,0.343098,-1.092847,0.000203,0.000000,-0.071229,-0.011503;
}
APWITHINDEX {
270,-1.777778,-50.000000,-5.777778,0.221584,-1.203220,0.000107,0.000000,-0.090327,-0.008450;
}
APWITHINDEX {
271,0.222222,-50.000000,-5.777778,0.099182,-1.329175,0.000007,0.000000,-0.107877,0.008057;
}
APWITHINDEX {
272,2.222222,-50.000000,-5.777778,0.183819,-1.236179,0.000646,0.000000,0.125704,0.254013;
}
APWITHINDEX {
273,4.222222,-50.000000,-5.777778,0.197207,-1.190673,0.001770,0.000000,0.104039,0.270907;
}
APWITHINDEX {
274,6.222222,-50.000000,-5.777778,0.234558,-1.144836,0.001840,0.000000,0.044845,0.262414;
}
APWITHINDEX {
275,7.777778,-50.000000,-5.777778,0.182622,-1.204234,0.001731,0.000000,0.080233,0.310181;
}
APWITHINDEX {
276,-7.777778,-50.000000,-3.777778,0.628597,-0.878034,0.000325,0.000000,-0.060996,-0.018322;
}
APWITHINDEX {
277,-5.777778,-50.000000,-3.777778,0.553715,-0.944356,0.000176,0.000000,-0.007240,0.024870;
}
APWITHINDEX {
278,-3.777778,-50.000000,-3.777778,0.528906,-0.956615,0.000183,0.000000,-0.046226,0.032951;
}
APWITHINDEX {
279,-1.777778,-50.000000,-3.777778,0.364906,-1.104176,0.000120,0.000000,-0.072141,0.033211;
}
APWITHINDEX {
280,0.222222,-50.000000,-3.777778,0.230960,-1.227241,0.001478,0.000000,0.113043,0.225983;
}
APWITHINDEX {
281,2.222222,-50.000000,-3.777778,0.294193,-1.151580,0.002179,0.000000,0.090649,0.246806;
}
APWITHINDEX {
282,4.222222,-50.000000,-3.777778,0.273155,-1.154450,0.002193,0.000000,0.072443,0.260656;
}
APWITHINDEX {
283,6.222222,-50.000000,-3.777778,0.180463,-1.230415,0.002087,0.000000,0.098824,0.310879;
}
APWITHINDEX {
284,7.777778,-50.000000,-3.777778,0.104690,-1.308144,0.002145,0.000000,0.163917,0.389401;
}
APWITHINDEX {
285,-7.777778,-50.000000,-1.777778,0.739436,-0.809754,0.000266,0.000000,-0.062386,-0.018011;
}
APWITHINDEX {
286,-5.777778,-50.000000,-1.777778,0.658512,-0.869634,0.000215,0.000000,-0.070431,0.017598;
}
APWITHINDEX {
287,-3.777778,-50.000000,-1.777778,0.592042,-0.950041,0.000240,0.000000,-0.016807,0.078608;
}
APWITHINDEX {
288,-1.777778,-50.000000,-1.777778,0.264666,-1.258102,0.000762,0.000000,0.139304,0.213696;
}
APWITHINDEX {
289,0.222222,-50.000000,-1.777778,0.337585,-1.152891,0.002506,0.000000,0.093004,0.214970;
}
APWITHINDEX {
290,2.222222,-50.000000,-1.777778,0.320113,-1.166119,0.002377,0.000000,0.086072,0.246301;
}
APWITHINDEX {
291,4.222222,-50.000000,-1.777778,0.222726,-1.244405,0.002349,0.000000,0.108319,0.293237;
}
APWITHINDEX {
292,6.222222,-50.000000,-1.777778,0.117929,-1.330286,0.002428,0.000000,0.150293,0.359039;
}
APWITHINDEX {
293,7.777778,-50.000000,-1.777778,0.048987,-1.398939,0.002430,0.000000,0.200000,0.427466;
}
APWITHINDEX {
294,-7.777778,-50.000000,0.222222,0.838613,-0.739684,0.000155,0.000000,-0.108880,-0.014236;
}
APWITHINDEX {
295,-5.777778,-50.000000,0.222222,1.047393,-0.548982,0.000013,0.000000,-0.010157,0.095481;
}
APWITHINDEX {
296,-3.777778,-50.000000,0.222222,1.045328,-0.537480,0.001071,0.000000,0.020023,0.142972;
}
APWITHINDEX {
297,-1.777778,-50.000000,0.222222,1.033371,-0.535847,0.005072,0.000000,0.031962,0.177347;
}
APWITHINDEX {
298,0.222222,-50.000000,0.222222,1.037662,-0.499468,0.008581,0.000000,0.137129,0.253511;
}
APWITHINDEX {
299,2.222222,-50.000000,0.222222,1.019241,-0.503388,0.010317,0.000000,0.147169,0.289004;
}
APWITHINDEX {
300,4.222222,-50.000000,0.222222,0.985657,-0.507738,0.026865,0.000000,0.193257,0.348052;
}
APWITHINDEX {
301,6.222222,-50.000000,0.222222,0.961419,-0.518393,0.016040,0.000000,0.184656,0.373480;
}
APWITHINDEX {
302,7.777778,-50.000000,0.222222,0.940580,-0.524234,0.018093,0.000000,0.181691,0.404198;
}
APWITHINDEX {
303,-7.777778,-50.000000,2.222222,1.270180,-0.375930,0.000013,0.000000,0.012639,0.084407;
}
APWITHINDEX {
304,-5.777778,-50.000000,2.222222,1.261772,-0.370590,0.001795,0.000000,0.037774,0.126150;
}
APWITHINDEX {
305,-3.777778,-50.000000,2.222222,1.223350,-0.396883,0.002190,0.000000,0.037157,0.158726;
}
APWITHINDEX {
306,-1.777778,-50.000000,2.222222,1.109352,-0.488648,0.002415,0.000000,0.023609,0.181142;
}
APWITHINDEX {
307,0.222222,-50.000000,2.222222,1.036346,-0.525176,0.008855,0.000000,0.160323,0.278426;
}
APWITHINDEX {
308,2.222222,-50.000000,2.222222,1.024207,-0.539277,0.008946,0.000000,0.121051,0.299237;
}
APWITHINDEX {
309,4.222222,-50.000000,2.222222,0.993576,-0.545287,0.023437,0.000000,0.163120,0.354878;
}
APWITHINDEX {
310,6.222222,-50.000000,2.222222,0.962577,-0.552178,0.029842,0.000000,0.200000,0.403967;
}
APWITHINDEX {
311,7.777778,-50.000000,2.222222,0.941910,-0.557480,0.033708,0.000000,0.200000,0.435052;
}
APWITHINDEX {
312,-7.777778,-50.000000,4.222222,1.427228,-0.256401,0.001678,0.000000,0.031226,0.103323;
}
APWITHINDEX {
313,-5.777778,-50.000000,4.222222,1.379536,-0.288600,0.001913,0.000000,0.037457,0.136100;
}
APWITHINDEX {
314,-3.777778,-50.000000,4.222222,1.239566,-0.399568,0.002371,0.000000,0.031407,0.164879;
}
APWITHINDEX {
315,-1.777778,-50.000000,4.222222,1.173475,-0.456700,0.002641,0.000000,0.035188,0.199207;
}
APWITHINDEX {
316,0.222222,-50.000000,4.222222,1.044182,-0.548752,0.009141,0.000000,0.169311,0.295666;
}
APWITHINDEX {
317,2.222222,-50.000000,4.222222,1.017970,-0.567872,0.009269,0.000000,0.121490,0.318863;
}
APWITHINDEX {
318,4.222222,-50.000000,4.222222,0.241670,-1.147717,0.003945,0.000000,0.042767,0.229848;
}
APWITHINDEX {
319,6.222222,-50.000000,4.222222,0.970696,-0.589633,0.026148,0.000000,0.169314,0.409214;
}
APWITHINDEX {
320,7.777778,-50.000000,4.222222,0.945176,-0.593734,0.031329,0.000000,0.200000,0.448062;
}
APWITHINDEX {
321,-7.777778,-50.000000,6.222222,1.440061,-0.257288,0.003487,0.000000,0.035078,0.115754;
}
APWITHINDEX {
322,-5.777778,-50.000000,6.222222,1.394799,-0.303331,0.002061,0.000000,0.048255,0.141398;
}
APWITHINDEX {
323,-3.777778,-50.000000,6.222222,1.309374,-0.363449,0.002622,0.000000,0.070600,0.183514;
}
APWITHINDEX {
324,-1.777778,-50.000000,6.222222,1.287821,-0.372366,0.002702,0.000000,0.064059,0.219008;
}
APWITHINDEX {
325,0.222222,-50.000000,6.222222,1.211940,-0.421943,0.005889,0.000000,0.196861,0.300196;
}
APWITHINDEX {
326,2.222222,-50.000000,6.222222,1.023960,-0.594694,0.009546,0.000000,0.141053,0.340174;
}
APWITHINDEX {
327,4.222222,-50.000000,6.222222,1.003240,-0.604337,0.010468,0.000000,0.127649,0.370798;
}
APWITHINDEX {
328,6.222222,-50.000000,6.222222,0.998179,-0.608159,0.021167,0.000000,0.133181,0.394754;
}
APWITHINDEX {
329,7.777778,-50.000000,6.222222,0.963255,-0.618292,0.026506,0.000000,0.164526,0.435287;
}
APWITHINDEX {
330,-7.777778,-50.000000,7.777778,1.458265,-0.270384,0.003903,0.000000,0.051999,0.119172;
}
APWITHINDEX {
331,-5.777778,-50.000000,7.777778,1.436604,-0.277469,0.002318,0.000000,0.067877,0.155647;
}
APWITHINDEX {
332,-3.777778,-50.000000,7.777778,1.415553,-0.287942,0.002515,0.000000,0.067562,0.190634;
}
APWITHINDEX {
333,-1.777778,-50.000000,7.777778,1.391189,-0.298451,0.002711,0.000000,0.069980,0.227849;
}
APWITHINDEX {
334,0.222222,-50.000000,7.777778,1.358574,-0.322908,0.001675,0.000000,0.093928,0.273021;
}
APWITHINDEX {
335,2.222222,-50.000000,7.777778,1.069291,-0.580009,0.010236,0.000000,0.161387,0.358479;
}
APWITHINDEX {
336,4.222222,-50.000000,7.777778,1.031378,-0.598134,0.009953,0.000000,0.138536,0.372807;
}
APWITHINDEX {
337,6.222222,-50.000000,7.777778,1.017984,-0.617863,0.010476,0.000000,0.138963,0.414119;
}
APWITHINDEX {
338,7.777778,-50.000000,7.777778,0.984204,-0.616038,0.012350,0.000000,0.143808,0.438314;
}
APWITHINDEX {
339,-8.222222,-60.000000,-8.222222,0.413060,-1.023724,0.000259,0.000000,-0.048049,-0.050451;
}
APWITHINDEX {
340,-6.222222,-60.000000,-8.222222,0.377102,-1.053269,0.000072,0.000000,-0.072919,-0.039302;
}
APWITHINDEX {
341,-4.222222,-60.000000,-8.222222,0.316142,-1.109704,0.000088,0.000000,-0.080338,-0.024573;
}
APWITHINDEX {
342,-2.222222,-60.000000,-8.222222,0.221973,-1.192374,0.000034,0.000000,-0.099779,-0.022402;
}
APWITHINDEX {
343,-0.222222,-60.000000,-8.222222,0.034500,-1.368828,0.000006,0.000000,-0.128897,-0.033892;
}
APWITHINDEX {
344,1.777778,-60.000000,-8.222222,-0.180660,-1.569911,0.000074,0.000000,0.200000,0.276317;
}
APWITHINDEX {
345,3.777778,-60.000000,-8.222222,0.038289,-1.350607,0.000172,0.000000,0.115716,0.248708;
}
APWITHINDEX {
346,5.777778,-60.000000,-8.222222,0.050878,-1.313574,0.000196,0.000000,0.123078,0.278768;
}
APWITHINDEX {
347,7.777778,-60.000000,-8.222222,0.031939,-1.324164,0.000376,0.000000,0.105323,0.298558;
}
APWITHINDEX {
348,8.222222,-60.000000,-8.222222,0.011704,-1.316519,0.000000,0.000000,0.031826,0.244244;
}
APWITHINDEX {
349,-8.222222,-60.000000,-6.222222,0.540550,-0.935540,0.000147,0.000000,-0.048349,-0.015346;
}
APWITHINDEX {
350,-6.222222,-60.000000,-6.222222,0.514624,-0.947631,0.000172,0.000000,-0.050954,-0.002368;
}
APWITHINDEX {
351,-4.222222,-60.000000,-6.222222,0.404593,-1.045073,0.000160,0.000000,-0.064867,0.006858;
}
APWITHINDEX {
352,-2.222222,-60.000000,-6.222222,0.290447,-1.145989,0.000108,0.000000,-0.094635,0.002863;
}
APWITHINDEX {
353,-0.222222,-60.000000,-6.222222,0.233217,-1.199434,0.000009,0.000000,-0.114828,0.005968;
}
APWITHINDEX {
354,1.777778,-60.000000,-6.222222,0.127970,-1.295213,0.000374,0.000000,0.107738,0.227205;
}
APWITHINDEX {
355,3.777778,-60.000000,-6.222222,0.219502,-1.188041,0.001832,0.000000,0.104487,0.249786;
}
APWITHINDEX {
356,5.777778,-60.000000,-6.222222,0.198629,-1.203537,0.002093,0.000000,0.092084,0.278794;
}
APWITHINDEX {
357,7.777778,-60.000000,-6.222222,0.185965,-1.200764,0.001968,0.000000,0.085353,0.297430;
}
APWITHINDEX {
358,8.222222,-60.000000,-6.222222,0.050197,-1.283289,0.000882,0.000000,0.036524,0.249004;
}
APWITHINDEX {
359,-8.222222,-60.000000,-4.222222,0.620896,-0.882296,0.000233,0.000000,-0.061857,-0.019694;
}
APWITHINDEX {
360,-6.222222,-60.000000,-4.222222,0.558762,-0.940724,0.000360,0.000000,-0.028194,0.022163;
}
APWITHINDEX {
361,-4.222222,-60.000000,-4.222222,0.546839,-0.943770,0.000184,0.000000,-0.043224,0.042563;
}
APWITHINDEX {
362,-2.222222,-60.000000,-4.222222,0.436446,-1.040535,0.000064,0.000000,-0.071941,0.044559;
}
APWITHINDEX {
363,-0.222222,-60.000000,-4.222222,0.180005,-1.294389,0.000367,0.000000,0.115547,0.211987;
}
APWITHINDEX {
364,1.777778,-60.000000,-4.222222,0.303152,-1.151517,0.002325,0.000000,0.091924,0.231378;
}
APWITHINDEX {
365,3.777778,-60.000000,-4.222222,0.300783,-1.145853,0.004433,0.000000,0.074267,0.233332;
}
APWITHINDEX {
366,5.777778,-60.000000,-4.222222,0.236626,-1.196144,0.002257,0.000000,0.091461,0.274908;
}
APWITHINDEX {
367,7.777778,-60.000000,-4.222222,0.154271,-1.267319,0.002152,0.000000,0.104922,0.319614;
}
APWITHINDEX {
368,8.222222,-60.000000,-4.222222,0.088691,-1.250059,0.001764,0.000000,0.041222,0.253764;
}
APWITHINDEX {
369,-8.222222,-60.000000,-2.222222,0.719049,-0.832576,0.000190,0.000000,-0.052337,0.004153;
}
APWITHINDEX {
370,-6.222222,-60.000000,-2.222222,0.657665,-0.885532,0.000190,0.000000,-0.048503,0.036672;
}
APWITHINDEX {
371,-4.222222,-60.000000,-2.222222,0.588288,-0.941391,0.000171,0.000000,-0.033715,0.075986;
}
APWITHINDEX {
372,-2.222222,-60.000000,-2.222222,0.578543,-0.941732,0.000104,0.000000,-0.051362,0.082345;
}
APWITHINDEX {
373,-0.222222,-60.000000,-2.222222,0.343191,-1.154431,0.002511,0.000000,0.100172,0.220259;
}
APWITHINDEX {
374,1.777778,-60.000000,-2.222222,0.338735,-1.146526,0.002410,0.000000,0.059811,0.214536;
}
APWITHINDEX {
375,3.777778,-60.000000,-2.222222,0.277273,-1.204579,0.002389,0.000000,0.091242,0.266509;
}
APWITHINDEX {
376,5.777778,-60.000000,-2.222222,0.189081,-1.276175,0.002440,0.000000,0.109765,0.315958;
}
APWITHINDEX {
377,7.777778,-60.000000,-2.222222,0.097674,-1.349835,0.002345,0.000000,0.150217,0.364344;
}
APWITHINDEX {
378,8.222222,-60.000000,-2.222222,0.078060,-1.366484,0.002409,0.000000,0.142085,0.366666;
}
APWITHINDEX {
379,-8.222222,-60.000000,-0.222222,0.803235,-0.767130,0.000124,0.000000,-0.085899,0.007730;
}
APWITHINDEX {
380,-6.222222,-60.000000,-0.222222,0.747134,-0.814681,0.000126,0.000000,-0.085945,0.028223;
}
APWITHINDEX {
381,-4.222222,-60.000000,-0.222222,0.674594,-0.876189,0.000120,0.000000,-0.056582,0.077508;
}
APWITHINDEX {
382,-2.222222,-60.000000,-0.222222,0.615818,-0.925421,0.000144,0.000000,-0.044400,0.109830;
}
APWITHINDEX {
383,-0.222222,-60.000000,-0.222222,1.042123,-0.488050,0.008484,0.000000,0.156796,0.242306;
}
APWITHINDEX {
384,1.777778,-60.000000,-0.222222,0.342935,-1.177213,0.002677,0.000000,0.086029,0.251343;
}
APWITHINDEX {
385,3.777778,-60.000000,-0.222222,0.247244,-1.257630,0.002631,0.000000,0.117980,0.289146;
}
APWITHINDEX {
386,5.777778,-60.000000,-0.222222,0.170436,-1.322574,0.002643,0.000000,0.145587,0.356042;
}
APWITHINDEX {
387,7.777778,-60.000000,-0.222222,0.091650,-1.385698,0.002615,0.000000,0.177139,0.410101;
}
APWITHINDEX {
388,8.222222,-60.000000,-0.222222,0.165678,-1.183599,0.003528,0.000000,0.050618,0.263283;
}
APWITHINDEX {
389,-8.222222,-60.000000,1.777778,1.194520,-0.429184,0.000013,0.000000,0.000034,0.091361;
}
APWITHINDEX {
390,-6.222222,-60.000000,1.777778,1.191958,-0.421020,0.001322,0.000000,0.010213,0.118810;
}
APWITHINDEX {
391,-4.222222,-60.000000,1.777778,1.128503,-0.470717,0.004729,0.000000,0.032714,0.162704;
}
APWITHINDEX {
392,-2.222222,-60.000000,1.777778,1.095367,-0.497103,0.002420,0.000000,0.016697,0.185191;
}
APWITHINDEX {
393,-0.222222,-60.000000,1.777778,1.041204,-0.510148,0.008759,0.000000,0.159490,0.261163;
}
APWITHINDEX {
394,1.777778,-60.000000,1.777778,1.030548,-0.523433,0.008802,0.000000,0.125608,0.277156;
}
APWITHINDEX {
395,3.777778,-60.000000,1.777778,1.010373,-0.525939,0.010745,0.000000,0.142632,0.312980;
}
APWITHINDEX {
396,5.777778,-60.000000,1.777778,0.980761,-0.530055,0.026840,0.000000,0.187787,0.365881;
}
APWITHINDEX {
397,7.777778,-60.000000,1.777778,0.958426,-0.535702,0.031310,0.000000,0.200000,0.401209;
}
APWITHINDEX {
398,8.222222,-60.000000,1.777778,0.953689,-0.537037,0.032247,0.000000,0.200000,0.408715;
}
APWITHINDEX {
399,-8.222222,-60.000000,3.777778,1.322967,-0.330950,0.001208,0.000000,0.007827,0.107427;
}
APWITHINDEX {
400,-6.222222,-60.000000,3.777778,1.300447,-0.342693,0.002011,0.000000,0.024016,0.138202;
}
APWITHINDEX {
401,-4.222222,-60.000000,3.777778,1.215528,-0.405379,0.002271,0.000000,0.024823,0.158574;
}
APWITHINDEX {
402,-2.222222,-60.000000,3.777778,1.114949,-0.490454,0.002535,0.000000,0.028426,0.192106;
}
APWITHINDEX {
403,-0.222222,-60.000000,3.777778,1.050287,-0.524500,0.008956,0.000000,0.169166,0.274355;
}
APWITHINDEX {
404,1.777778,-60.000000,3.777778,1.025193,-0.550763,0.009090,0.000000,0.147131,0.302650;
}
APWITHINDEX {
405,3.777778,-60.000000,3.777778,1.016096,-0.554909,0.018503,0.000000,0.131070,0.328619;
}
APWITHINDEX {
406,5.777778,-60.000000,3.777778,0.988392,-0.561478,0.023738,0.000000,0.161152,0.369918;
}
APWITHINDEX {
407,7.777778,-60.000000,3.777778,0.960842,-0.566689,0.029317,0.000000,0.194340,0.412469;
}
APWITHINDEX {
408,8.222222,-60.000000,3.777778,0.955931,-0.567504,0.030323,0.000000,0.200000,0.420064;
}
APWITHINDEX {
409,-8.222222,-60.000000,5.777778,1.420373,-0.261401,0.001542,0.000000,0.030360,0.126414;
}
APWITHINDEX {
410,-6.222222,-60.000000,5.777778,1.345268,-0.316562,0.002026,0.000000,0.052958,0.142700;
}
APWITHINDEX {
411,-4.222222,-60.000000,5.777778,1.227162,-0.424840,0.002575,0.000000,0.052267,0.173732;
}
APWITHINDEX {
412,-2.222222,-60.000000,5.777778,1.212545,-0.422978,0.002792,0.000000,0.054464,0.207448;
}
APWITHINDEX {
413,-0.222222,-60.000000,5.777778,1.287548,-0.317322,0.006030,0.000000,0.200000,0.261647;
}
APWITHINDEX {
414,1.777778,-60.000000,5.777778,1.030947,-0.561448,0.009357,0.000000,0.159281,0.316352;
}
APWITHINDEX {
415,3.777778,-60.000000,5.777778,1.013050,-0.582995,0.009370,0.000000,0.132236,0.337415;
}
APWITHINDEX {
416,5.777778,-60.000000,5.777778,0.998641,-0.590933,0.020386,0.000000,0.133202,0.371379;
}
APWITHINDEX {
417,7.777778,-60.000000,5.777778,0.969905,-0.597734,0.026054,0.000000,0.166661,0.415525;
}
APWITHINDEX {
418,8.222222,-60.000000,5.777778,0.963381,-0.598988,0.027375,0.000000,0.174515,0.425622;
}
APWITHINDEX {
419,-8.222222,-60.000000,7.777778,1.466455,-0.238491,0.001280,0.000000,0.058296,0.124110;
}
APWITHINDEX {
420,-6.222222,-60.000000,7.777778,1.354398,-0.331071,0.002056,0.000000,0.068487,0.160374;
}
APWITHINDEX {
421,-4.222222,-60.000000,7.777778,1.336586,-0.336748,0.002389,0.000000,0.061015,0.191566;
}
APWITHINDEX {
422,-2.222222,-60.000000,7.777778,1.320029,-0.344779,0.002573,0.000000,0.070525,0.219418;
}
APWITHINDEX {
423,-0.222222,-60.000000,7.777778,1.300471,-0.355219,0.002862,0.000000,0.072895,0.249417;
}
APWITHINDEX {
424,1.777778,-60.000000,7.777778,1.155319,-0.467806,0.010659,0.000000,0.171305,0.324992;
}
APWITHINDEX {
425,3.777778,-60.000000,7.777778,1.019132,-0.602475,0.009550,0.000000,0.133159,0.348477;
}
APWITHINDEX {
426,5.777778,-60.000000,7.777778,1.008931,-0.606053,0.010201,0.000000,0.124222,0.377084;
}
APWITHINDEX {
427,7.777778,-60.000000,7.777778,1.020817,-0.584012,0.023686,0.000000,0.146300,0.414714;
}
APWITHINDEX {
428,8.222222,-60.000000,7.777778,1.010452,-0.591194,0.024162,0.000000,0.149130,0.419077;
}
APWITHINDEX {
429,-8.222222,-60.000000,8.222222,1.468717,-0.235760,0.001471,0.000000,0.041381,0.129931;
}
APWITHINDEX {
430,-6.222222,-60.000000,8.222222,1.385548,-0.315666,0.002198,0.000000,0.060536,0.159595;
}
APWITHINDEX {
431,-4.222222,-60.000000,8.222222,1.366482,-0.320356,0.002358,0.000000,0.051754,0.189010;
}
APWITHINDEX {
432,-2.222222,-60.000000,8.222222,1.346708,-0.327404,0.002742,0.000000,0.073995,0.220318;
}
APWITHINDEX {
433,-0.222222,-60.000000,8.222222,1.319736,-0.335954,0.002761,0.000000,0.089772,0.254349;
}
APWITHINDEX {
434,1.777778,-60.000000,8.222222,1.178099,-0.451885,0.010989,0.000000,0.178152,0.327973;
}
APWITHINDEX {
435,3.777778,-60.000000,8.222222,1.031029,-0.594311,0.010136,0.000000,0.151681,0.364077;
}
APWITHINDEX {
436,5.777778,-60.000000,8.222222,1.023638,-0.595872,0.010346,0.000000,0.123918,0.373145;
}
APWITHINDEX {
437,7.777778,-60.000000,8.222222,1.055096,-0.556301,0.024316,0.000000,0.150136,0.418124;
}
APWITHINDEX {
438,8.222222,-60.000000,8.222222,1.042631,-0.564278,0.024645,0.000000,0.151531,0.421274;
}
APWITHINDEX {
439,-8.666666,-70.000000,-8.666666,0.440816,-1.008474,0.000237,0.000000,-0.053266,-0.039103;
}
APWITHINDEX {
440,-6.666666,-70.000000,-8.666666,0.407229,-1.032798,0.000053,0.000000,-0.082824,-0.037486;
}
APWITHINDEX {
441,-4.666666,-70.000000,-8.666666,0.359944,-1.078496,0.000072,0.000000,-0.068580,-0.006104;
}
APWITHINDEX {
442,-2.666666,-70.000000,-8.666666,0.243745,-1.173906,0.000031,0.000000,-0.102971,-0.011814;
}
APWITHINDEX {
443,-0.666666,-70.000000,-8.666666,0.182253,-1.240805,0.000000,0.000000,-0.109757,-0.004113;
}
APWITHINDEX {
444,1.333334,-70.000000,-8.666666,-0.166675,-1.570000,0.000003,0.000000,-0.006452,0.079350;
}
APWITHINDEX {
445,3.333334,-70.000000,-8.666666,-0.035565,-1.439535,0.000154,0.000000,0.150354,0.263600;
}
APWITHINDEX {
446,5.333334,-70.000000,-8.666666,0.114086,-1.273074,0.000376,0.000000,0.074105,0.225547;
}
APWITHINDEX {
447,7.333334,-70.000000,-8.666666,0.080739,-1.299262,0.000493,0.000000,0.077741,0.257508;
}
APWITHINDEX {
448,8.666666,-70.000000,-8.666666,0.033080,-1.338335,0.000314,0.000000,0.097445,0.286162;
}
APWITHINDEX {
449,-8.666666,-70.000000,-6.666666,0.547020,-0.930541,0.000167,0.000000,-0.032334,-0.004022;
}
APWITHINDEX {
450,-6.666666,-70.000000,-6.666666,0.521967,-0.953335,0.000117,0.000000,-0.045194,0.008249;
}
APWITHINDEX {
451,-4.666666,-70.000000,-6.666666,0.425926,-1.036305,0.000162,0.000000,-0.066209,0.009818;
}
APWITHINDEX {
452,-2.666666,-70.000000,-6.666666,0.320796,-1.127027,0.000141,0.000000,-0.077428,0.021731;
}
APWITHINDEX {
453,-0.666666,-70.000000,-6.666666,-0.021029,-1.469687,0.000152,0.000000,0.200000,0.265408;
}
APWITHINDEX {
454,1.333334,-70.000000,-6.666666,0.024916,-1.413238,0.000135,0.000000,0.100398,0.199302;
}
APWITHINDEX {
455,3.333334,-70.000000,-6.666666,0.271087,-1.153958,0.002053,0.000000,0.082073,0.227226;
}
APWITHINDEX {
456,5.333334,-70.000000,-6.666666,0.232260,-1.183065,0.002097,0.000000,0.095106,0.262601;
}
APWITHINDEX {
457,7.333334,-70.000000,-6.666666,0.226498,-1.183942,0.002037,0.000000,0.084328,0.271098;
}
APWITHINDEX {
458,8.666666,-70.000000,-6.666666,0.187323,-1.225936,0.001994,0.000000,0.092210,0.299326;
}
APWITHINDEX {
459,-8.666666,-70.000000,-4.666666,0.617431,-0.890355,0.000319,0.000000,-0.048206,-0.002292;
}
APWITHINDEX {
460,-6.666666,-70.000000,-4.666666,0.557558,-0.941017,0.000305,0.000000,-0.031225,0.030946;
}
APWITHINDEX {
461,-4.666666,-70.000000,-4.666666,0.555045,-0.947786,0.000134,0.000000,-0.046082,0.053972;
}
APWITHINDEX {
462,-2.666666,-70.000000,-4.666666,0.437862,-1.043716,0.000058,0.000000,-0.072928,0.050830;
}
APWITHINDEX {
463,-0.666666,-70.000000,-4.666666,0.105512,-1.373247,0.000292,0.000000,0.122684,0.214508;
}
APWITHINDEX {
464,1.333334,-70.000000,-4.666666,0.311961,-1.148613,0.002311,0.000000,0.086326,0.209872;
}
APWITHINDEX {
465,3.333334,-70.000000,-4.666666,0.305041,-1.147346,0.004479,0.000000,0.070662,0.227562;
}
APWITHINDEX {
466,5.333334,-70.000000,-4.666666,0.273252,-1.175374,0.002266,0.000000,0.071847,0.258751;
}
APWITHINDEX {
467,7.333334,-70.000000,-4.666666,0.203150,-1.229953,0.002247,0.000000,0.080349,0.276154;
}
APWITHINDEX {
468,8.666666,-70.000000,-4.666666,0.153088,-1.279232,0.002203,0.000000,0.109151,0.312871;
}
APWITHINDEX {
469,-8.666666,-70.000000,-2.666666,0.694760,-0.839182,0.000192,0.000000,-0.055840,0.010802;
}
APWITHINDEX {
470,-6.666666,-70.000000,-2.666666,0.642918,-0.885314,0.000119,0.000000,-0.056825,0.042992;
}
APWITHINDEX {
471,-4.666666,-70.000000,-2.666666,0.583058,-0.933273,0.000167,0.000000,-0.042654,0.068599;
}
APWITHINDEX {
472,-2.666666,-70.000000,-2.666666,0.582876,-0.930589,0.000078,0.000000,-0.055277,0.078392;
}
APWITHINDEX {
473,-0.666666,-70.000000,-2.666666,0.350235,-1.154379,0.002492,0.000000,0.103199,0.216325;
}
APWITHINDEX {
474,1.333334,-70.000000,-2.666666,0.338957,-1.149864,0.004827,0.000000,0.080511,0.222012;
}
APWITHINDEX {
475,3.333334,-70.000000,-2.666666,0.306044,-1.172327,0.002404,0.000000,0.074018,0.238006;
}
APWITHINDEX {
476,5.333334,-70.000000,-2.666666,0.239996,-1.244370,0.002421,0.000000,0.098533,0.281277;
}
APWITHINDEX {
477,7.333334,-70.000000,-2.666666,0.159421,-1.303106,0.002368,0.000000,0.115219,0.321500;
}
APWITHINDEX {
478,8.666666,-70.000000,-2.666666,0.109792,-1.347055,0.002371,0.000000,0.142703,0.350023;
}
APWITHINDEX {
479,-8.666666,-70.000000,-0.666666,0.781400,-0.778101,0.000145,0.000000,-0.088410,0.013301;
}
APWITHINDEX {
480,-6.666666,-70.000000,-0.666666,0.726977,-0.828248,0.000113,0.000000,-0.058015,0.046894;
}
APWITHINDEX {
481,-4.666666,-70.000000,-0.666666,0.669198,-0.881889,0.000125,0.000000,-0.051117,0.081520;
}
APWITHINDEX {
482,-2.666666,-70.000000,-0.666666,0.615840,-0.933517,0.000166,0.000000,-0.042152,0.111266;
}
APWITHINDEX {
483,-0.666666,-70.000000,-0.666666,0.372384,-1.153543,0.002600,0.000000,0.095551,0.205774;
}
APWITHINDEX {
484,1.333334,-70.000000,-0.666666,0.361461,-1.153695,0.002624,0.000000,0.074167,0.221767;
}
APWITHINDEX {
485,3.333334,-70.000000,-0.666666,0.296840,-1.214114,0.002664,0.000000,0.101020,0.258960;
}
APWITHINDEX {
486,5.333334,-70.000000,-0.666666,0.205919,-1.288785,0.002599,0.000000,0.118843,0.309585;
}
APWITHINDEX {
487,7.333334,-70.000000,-0.666666,0.136743,-1.346591,0.002559,0.000000,0.145756,0.351710;
}
APWITHINDEX {
488,8.666666,-70.000000,-0.666666,0.092050,-1.384961,0.002568,0.000000,0.164928,0.382497;
}
APWITHINDEX {
489,-8.666666,-70.000000,1.333334,1.074172,-0.532474,0.000013,0.000000,-0.024895,0.085628;
}
APWITHINDEX {
490,-6.666666,-70.000000,1.333334,1.079825,-0.519440,0.000013,0.000000,0.003292,0.118058;
}
APWITHINDEX {
491,-4.666666,-70.000000,1.333334,1.075995,-0.513207,0.001790,0.000000,0.022961,0.148597;
}
APWITHINDEX {
492,-2.666666,-70.000000,1.333334,1.056256,0.005005,0.000000,0.032247,0.173968;
}
APWITHINDEX {
493,-0.666666,-70.000000,1.333334,1.047051,-0.494605,0.008580,0.000000,0.162987,0.248250;
}
APWITHINDEX {
494,1.333334,-70.000000,1.333334,1.033690,-0.509720,0.008679,0.000000,0.138484,0.265798;
}
APWITHINDEX {
495,3.333334,-70.000000,1.333334,1.018287,-0.508487,0.020020,0.000000,0.150730,0.301920;
}
APWITHINDEX {
496,5.333334,-70.000000,1.333334,0.998579,-0.516865,0.012284,0.000000,0.160586,0.324786;
}
APWITHINDEX {
497,7.333334,-70.000000,1.333334,0.974120,-0.519102,0.028788,0.000000,0.200000,0.370512;
}
APWITHINDEX {
498,8.666666,-70.000000,1.333334,0.961672,-0.522598,0.031228,0.000000,0.200000,0.390009;
}
APWITHINDEX {
499,-8.666666,-70.000000,3.333334,1.251686,-0.381974,0.000773,0.000000,0.012170,0.112851;
}
APWITHINDEX {
500,-6.666666,-70.000000,3.333334,1.242054,-0.382802,0.002065,0.000000,0.021507,0.140120;
}
APWITHINDEX {
501,-4.666666,-70.000000,3.333334,1.207631,-0.406156,0.002187,0.000000,0.024832,0.166206;
}
APWITHINDEX {
502,-2.666666,-70.000000,3.333334,1.119364,-0.483013,0.002389,0.000000,0.038138,0.185134;
}
APWITHINDEX {
503,-0.666666,-70.000000,3.333334,1.053912,-0.516811,0.008824,0.000000,0.172087,0.262860;
}
APWITHINDEX {
504,1.333334,-70.000000,3.333334,1.031862,-0.523731,0.008818,0.000000,0.144916,0.280541;
}
APWITHINDEX {
505,3.333334,-70.000000,3.333334,1.024293,-0.538111,0.009005,0.000000,0.122745,0.293592;
}
APWITHINDEX {
506,5.333334,-70.000000,3.333334,1.001141,-0.540933,0.022043,0.000000,0.155556,0.341781;
}
APWITHINDEX {
507,7.333334,-70.000000,3.333334,0.145322,-1.272431,0.004370,0.000000,0.086438,0.288581;
}
APWITHINDEX {
508,8.666666,-70.000000,3.333334,0.964000,-0.549507,0.029687,0.000000,0.200000,0.400810;
}
APWITHINDEX {
509,-8.666666,-70.000000,5.333334,1.346123,-0.313026,0.001578,0.000000,0.021894,0.119263;
}
APWITHINDEX {
510,-6.666666,-70.000000,5.333334,1.303718,-0.342548,0.001850,0.000000,0.014931,0.146126;
}
APWITHINDEX {
511,-4.666666,-70.000000,5.333334,1.214242,-0.414321,0.002338,0.000000,0.051505,0.171120;
}
APWITHINDEX {
512,-2.666666,-70.000000,5.333334,1.170790,-0.453270,0.002494,0.000000,0.043010,0.195543;
}
APWITHINDEX {
513,-0.666666,-70.000000,5.333334,1.161977,-0.448088,0.002642,0.000000,0.040773,0.222347;
}
APWITHINDEX {
514,1.333334,-70.000000,5.333334,1.040854,-0.546773,0.009074,0.000000,0.156695,0.295129;
}
APWITHINDEX {
515,3.333334,-70.000000,5.333334,1.020912,-0.560234,0.009270,0.000000,0.135544,0.314379;
}
APWITHINDEX {
516,5.333334,-70.000000,5.333334,1.008417,-0.566243,0.019446,0.000000,0.133334,0.344843;
}
APWITHINDEX {
517,7.333334,-70.000000,5.333334,0.985707,-0.571665,0.024064,0.000000,0.160455,0.381204;
}
APWITHINDEX {
518,8.666666,-70.000000,5.333334,0.968850,-0.575937,0.027242,0.000000,0.179267,0.405869;
}
APWITHINDEX {
519,-8.666666,-70.000000,7.333334,1.363578,-0.310890,0.001781,0.000000,0.021895,0.139322;
}
APWITHINDEX {
520,-6.666666,-70.000000,7.333334,1.310820,-0.350229,0.002163,0.000000,0.065076,0.157567;
}
APWITHINDEX {
521,-4.666666,-70.000000,7.333334,1.265610,-0.391000,0.002440,0.000000,0.043100,0.179649;
}
APWITHINDEX {
522,-2.666666,-70.000000,7.333334,1.249214,-0.397428,0.002605,0.000000,0.062982,0.208315;
}
APWITHINDEX {
523,-0.666666,-70.000000,7.333334,1.237471,-0.397928,0.002797,0.000000,0.066955,0.235891;
}
APWITHINDEX {
524,1.333334,-70.000000,7.333334,1.131931,-0.473343,0.010345,0.000000,0.174733,0.305889;
}
APWITHINDEX {
525,3.333334,-70.000000,7.333334,1.051002,-0.548300,0.009642,0.000000,0.151610,0.333198;
}
APWITHINDEX {
526,5.333334,-70.000000,7.333334,1.007354,-0.584111,0.009960,0.000000,0.150621,0.359746;
}
APWITHINDEX {
527,7.333334,-70.000000,7.333334,1.004919,-0.583940,0.021888,0.000000,0.141232,0.384616;
}
APWITHINDEX {
528,8.666666,-70.000000,7.333334,0.982919,-0.597885,0.023427,0.000000,0.150260,0.398047;
}
APWITHINDEX {
529,-8.666666,-70.000000,8.666666,1.422729,-0.265924,0.001290,0.000000,0.031974,0.142681;
}
APWITHINDEX {
530,-6.666666,-70.000000,8.666666,1.343330,-0.339864,0.002164,0.000000,0.046965,0.160011;
}
APWITHINDEX {
531,-4.666666,-70.000000,8.666666,1.328362,-0.342014,0.002326,0.000000,0.070643,0.189313;
}
APWITHINDEX {
532,-2.666666,-70.000000,8.666666,1.311097,-0.349013,0.002638,0.000000,0.054743,0.216095;
}
APWITHINDEX {
533,-0.666666,-70.000000,8.666666,1.295019,-0.355993,0.002868,0.000000,0.069815,0.242253;
}
APWITHINDEX {
534,1.333334,-70.000000,8.666666,1.358142,-0.265969,0.006525,0.000000,0.183179,0.283324;
}
APWITHINDEX {
535,3.333334,-70.000000,8.666666,1.041866,-0.580940,0.009894,0.000000,0.149033,0.340572;
}
APWITHINDEX {
536,5.333334,-70.000000,8.666666,1.061342,-0.547585,0.010094,0.000000,0.127842,0.357280;
}
APWITHINDEX {
537,7.333334,-70.000000,8.666666,1.067473,-0.530357,0.023300,0.000000,0.148635,0.392531;
}
APWITHINDEX {
538,8.666666,-70.000000,8.666666,1.070784,-0.524016,0.024861,0.000000,0.157502,0.404866;
}
APWITHINDEX {
539,-9.111111,-80.000000,-9.111111,0.440370,-1.014049,0.000200,0.000000,-0.061757,-0.033093;
}
APWITHINDEX {
540,-7.111111,-80.000000,-9.111111,0.406761,-1.040485,0.000054,0.000000,-0.063801,-0.012291;
}
APWITHINDEX {
541,-5.111111,-80.000000,-9.111111,0.374107,-1.065813,0.000032,0.000000,-0.088159,-0.014152;
}
APWITHINDEX {
542,-3.111111,-80.000000,-9.111111,0.281635,-1.146983,0.000068,0.000000,-0.100764,-0.006928;
}
APWITHINDEX {
543,-1.111111,-80.000000,-9.111111,0.226871,-1.199979,0.000039,0.000000,-0.103702,-0.001090;
}
APWITHINDEX {
544,0.888889,-80.000000,-9.111111,0.052294,-1.366124,0.000007,0.000000,-0.124117,-0.012896;
}
APWITHINDEX {
545,2.888889,-80.000000,-9.111111,-0.030406,-1.448086,0.000136,0.000000,0.151738,0.255311;
}
APWITHINDEX {
546,4.888889,-80.000000,-9.111111,0.059650,-1.344571,0.000311,0.000000,0.108297,0.246041;
}
APWITHINDEX {
547,6.888889,-80.000000,-9.111111,0.084116,-1.313625,0.000136,0.000000,0.083619,0.249579;
}
APWITHINDEX {
548,8.888889,-80.000000,-9.111111,0.039139,-1.347830,0.000250,0.000000,0.086414,0.269489;
}
APWITHINDEX {
549,9.111111,-80.000000,-9.111111,0.025852,-1.341259,0.000000,0.000000,0.035663,0.231222;
}
APWITHINDEX {
550,-9.111111,-80.000000,-7.111111,0.560983,-0.928295,0.000122,0.000000,-0.059814,-0.003311;
}
APWITHINDEX {
551,-7.111111,-80.000000,-7.111111,0.516523,-0.961059,0.000092,0.000000,-0.034601,0.032140;
}
APWITHINDEX {
552,-5.111111,-80.000000,-7.111111,0.469661,-1.001889,0.000070,0.000000,-0.064933,0.024768;
}
APWITHINDEX {
553,-3.111111,-80.000000,-7.111111,0.383052,-1.077813,0.000076,0.000000,-0.075044,0.025278;
}
APWITHINDEX {
554,-1.111111,-80.000000,-7.111111,-0.042389,-1.496668,0.000140,0.000000,0.177358,0.240345;
}
APWITHINDEX {
555,0.888889,-80.000000,-7.111111,0.032013,-1.415444,0.000281,0.000000,0.119689,0.218887;
}
APWITHINDEX {
556,2.888889,-80.000000,-7.111111,0.230475,-1.209376,0.001487,0.000000,0.079766,0.216791;
}
APWITHINDEX {
557,4.888889,-80.000000,-7.111111,0.276280,-1.152566,0.002151,0.000000,0.078092,0.239201;
}
APWITHINDEX {
558,6.888889,-80.000000,-7.111111,0.258464,-1.165133,0.004217,0.000000,0.072438,0.245924;
}
APWITHINDEX {
559,8.888889,-80.000000,-7.111111,0.197447,-1.214225,0.002113,0.000000,0.082847,0.284449;
}
APWITHINDEX {
560,9.111111,-80.000000,-7.111111,0.064345,-1.308030,0.000882,0.000000,0.040361,0.235982;
}
APWITHINDEX {
561,-9.111111,-80.000000,-5.111111,0.611474,-0.890811,0.000126,0.000000,-0.071387,-0.001240;
}
APWITHINDEX {
562,-7.111111,-80.000000,-5.111111,0.566346,-0.937144,0.000308,0.000000,-0.032189,0.034739;
}
APWITHINDEX {
563,-5.111111,-80.000000,-5.111111,0.549823,-0.946583,0.000080,0.000000,-0.052893,0.048106;
}
APWITHINDEX {
564,-3.111111,-80.000000,-5.111111,0.510589,-0.981978,0.000061,0.000000,-0.066644,0.054200;
}
APWITHINDEX {
565,-1.111111,-80.000000,-5.111111,0.118779,-1.367937,0.000155,0.000000,0.122739,0.207195;
}
APWITHINDEX {
566,0.888889,-80.000000,-5.111111,0.309524,-1.158887,0.002223,0.000000,0.083488,0.206028;
}
APWITHINDEX {
567,2.888889,-80.000000,-5.111111,0.310645,-1.151243,0.002246,0.000000,0.077373,0.221182;
}
APWITHINDEX {
568,4.888889,-80.000000,-5.111111,0.301905,-1.160033,0.002251,0.000000,0.059646,0.228835;
}
APWITHINDEX {
569,6.888889,-80.000000,-5.111111,0.243180,-1.203451,0.002210,0.000000,0.069206,0.254176;
}
APWITHINDEX {
570,8.888889,-80.000000,-5.111111,0.181020,-1.261190,0.002227,0.000000,0.105817,0.308815;
}
APWITHINDEX {
571,9.111111,-80.000000,-5.111111,0.102839,-1.274800,0.001764,0.000000,0.045059,0.240742;
}
APWITHINDEX {
572,-9.111111,-80.000000,-3.111111,0.682648,-0.848394,0.000163,0.000000,-0.067302,0.022029;
}
APWITHINDEX {
573,-7.111111,-80.000000,-3.111111,0.637037,-0.895602,0.000137,0.000000,-0.061459,0.033258;
}
APWITHINDEX {
574,-5.111111,-80.000000,-3.111111,0.586671,-0.935313,0.000118,0.000000,-0.027895,0.076442;
}
APWITHINDEX {
575,-3.111111,-80.000000,-3.111111,0.590690,-0.930990,0.000096,0.000000,-0.055035,0.088458;
}
APWITHINDEX {
576,-1.111111,-80.000000,-3.111111,0.340492,-1.157998,0.002347,0.000000,0.089162,0.192748;
}
APWITHINDEX {
577,0.888889,-80.000000,-3.111111,0.342713,-1.147673,0.002423,0.000000,0.082737,0.211525;
}
APWITHINDEX {
578,2.888889,-80.000000,-3.111111,0.333578,-1.159682,0.002412,0.000000,0.083790,0.228865;
}
APWITHINDEX {
579,4.888889,-80.000000,-3.111111,0.272139,-1.205910,0.002376,0.000000,0.077305,0.252183;
}
APWITHINDEX {
580,6.888889,-80.000000,-3.111111,0.201137,-1.267132,0.002425,0.000000,0.101205,0.295310;
}
APWITHINDEX {
581,8.888889,-80.000000,-3.111111,0.136092,-1.322329,0.002392,0.000000,0.114469,0.315715;
}
APWITHINDEX {
582,9.111111,-80.000000,-3.111111,0.123873,-1.332731,0.002362,0.000000,0.122910,0.329393;
}
APWITHINDEX {
583,-9.111111,-80.000000,-1.111111,0.754713,-0.797854,0.000088,0.000000,-0.091399,0.015284;
}
APWITHINDEX {
584,-7.111111,-80.000000,-1.111111,0.707684,-0.843924,0.000107,0.000000,-0.063033,0.050631;
}
APWITHINDEX {
585,-5.111111,-80.000000,-1.111111,0.655324,-0.885621,0.000088,0.000000,-0.062731,0.066108;
}
APWITHINDEX {
586,-3.111111,-80.000000,-1.111111,0.611663,-0.923488,0.000087,0.000000,-0.028372,0.107512;
}
APWITHINDEX {
587,-1.111111,-80.000000,-1.111111,0.374907,-1.153741,0.002559,0.000000,0.094806,0.204626;
}
APWITHINDEX {
588,0.888889,-80.000000,-1.111111,0.364389,-1.155731,0.002532,0.000000,0.072082,0.214603;
}
APWITHINDEX {
589,2.888889,-80.000000,-1.111111,1.023982,-0.478933,0.010393,0.000000,0.148798,0.262124;
}
APWITHINDEX {
590,4.888889,-80.000000,-1.111111,0.230664,-1.269919,0.002515,0.000000,0.093064,0.274174;
}
APWITHINDEX {
591,6.888889,-80.000000,-1.111111,0.161977,-1.330486,0.002516,0.000000,0.146044,0.335294;
}
APWITHINDEX {
592,8.888889,-80.000000,-1.111111,0.108570,-1.382377,0.002539,0.000000,0.154672,0.364365;
}
APWITHINDEX {
593,9.111111,-80.000000,-1.111111,0.179826,-1.208340,0.003528,0.000000,0.054455,0.250261;
}
APWITHINDEX {
594,-9.111111,-80.000000,0.888889,1.037689,-0.557136,0.000013,0.000000,-0.023530,0.087160;
}
APWITHINDEX {
595,-7.111111,-80.000000,0.888889,1.041294,-0.547023,0.000013,0.000000,-0.009767,0.116819;
}
APWITHINDEX {
596,-5.111111,-80.000000,0.888889,0.980745,-0.589223,0.001069,0.000000,0.034034,0.155221;
}
APWITHINDEX {
597,-3.111111,-80.000000,0.888889,0.960900,-0.604446,0.002362,0.000000,0.039892,0.181376;
}
APWITHINDEX {
598,-1.111111,-80.000000,0.888889,1.050283,-0.487383,0.008541,0.000000,0.166761,0.240531;
}
APWITHINDEX {
599,0.888889,-80.000000,0.888889,1.037648,-0.496781,0.008557,0.000000,0.139772,0.253255;
}
APWITHINDEX {
600,2.888889,-80.000000,0.888889,1.025512,-0.496582,0.019045,0.000000,0.147559,0.285563;
}
APWITHINDEX {
601,4.888889,-80.000000,0.888889,1.006001,-0.501711,0.022919,0.000000,0.170255,0.316301;
}
APWITHINDEX {
602,6.888889,-80.000000,0.888889,0.985978,-0.506530,0.026875,0.000000,0.193582,0.347217;
}
APWITHINDEX {
603,8.888889,-80.000000,0.888889,0.969369,-0.511022,0.030156,0.000000,0.200000,0.373329;
}
APWITHINDEX {
604,9.111111,-80.000000,0.888889,1.008096,-0.563340,0.022798,0.000000,0.151049,0.376314;
}
APWITHINDEX {
605,-9.111111,-80.000000,2.888889,1.187755,-0.428577,0.000243,0.000000,0.026587,0.116836;
}
APWITHINDEX {
606,-7.111111,-80.000000,2.888889,1.187244,-0.422388,0.002043,0.000000,0.028911,0.135207;
}
APWITHINDEX {
607,-5.111111,-80.000000,2.888889,1.135517,-0.465747,0.004765,0.000000,0.033199,0.162259;
}
APWITHINDEX {
608,-3.111111,-80.000000,2.888889,1.097880,-0.496459,0.002434,0.000000,0.024976,0.185886;
}
APWITHINDEX {
609,-1.111111,-80.000000,2.888889,1.058816,-0.500894,0.008737,0.000000,0.173981,0.252550;
}
APWITHINDEX {
610,0.888889,-80.000000,2.888889,1.042969,-0.513559,0.008751,0.000000,0.144839,0.268327;
}
APWITHINDEX {
611,2.888889,-80.000000,2.888889,1.029408,-0.523822,0.008865,0.000000,0.124678,0.283930;
}
APWITHINDEX {
612,4.888889,-80.000000,2.888889,1.010373,-0.525118,0.020845,0.000000,0.151926,0.320800;
}
APWITHINDEX {
613,6.888889,-80.000000,2.888889,0.992955,-0.532209,0.012427,0.000000,0.158179,0.333438;
}
APWITHINDEX {
614,8.888889,-80.000000,2.888889,0.120945,-1.306194,0.004502,0.000000,0.098384,0.303825;
}
APWITHINDEX {
615,9.111111,-80.000000,2.888889,0.968754,-0.535014,0.029116,0.000000,0.200000,0.385425;
}
APWITHINDEX {
616,-9.111111,-80.000000,4.888889,1.284663,-0.355770,0.001551,0.000000,0.035591,0.128755;
}
APWITHINDEX {
617,-7.111111,-80.000000,4.888889,1.263780,-0.368598,0.001978,0.000000,0.043949,0.147987;
}
APWITHINDEX {
618,-5.111111,-80.000000,4.888889,1.210830,-0.411697,0.002149,0.000000,0.023668,0.164528;
}
APWITHINDEX {
619,-3.111111,-80.000000,4.888889,1.120132,-0.490493,0.002512,0.000000,0.039209,0.188321;
}
APWITHINDEX {
620,-1.111111,-80.000000,4.888889,1.121678,-0.473223,0.002563,0.000000,0.047140,0.217873;
}
APWITHINDEX {
621,0.888889,-80.000000,4.888889,1.040245,-0.528928,0.009040,0.000000,0.155275,0.279137;
}
APWITHINDEX {
622,2.888889,-80.000000,4.888889,1.034452,-0.532581,0.009180,0.000000,0.134085,0.298727;
}
APWITHINDEX {
623,4.888889,-80.000000,4.888889,1.016504,-0.547490,0.018598,0.000000,0.132601,0.323790;
}
APWITHINDEX {
624,6.888889,-80.000000,4.888889,0.997009,-0.553544,0.022312,0.000000,0.154219,0.353784;
}
APWITHINDEX {
625,8.888889,-80.000000,4.888889,0.975538,-0.557977,0.026655,0.000000,0.179949,0.387252;
}
APWITHINDEX {
626,9.111111,-80.000000,4.888889,1.085083,-0.496880,0.024561,0.000000,0.160445,0.385833;
}
APWITHINDEX {
627,-9.111111,-80.000000,6.888889,1.324397,-0.334935,0.001001,0.000000,0.031431,0.141580;
}
APWITHINDEX {
628,-7.111111,-80.000000,6.888889,1.282191,-0.365896,0.001834,0.000000,0.047690,0.152201;
}
APWITHINDEX {
629,-5.111111,-80.000000,6.888889,1.208603,-0.434781,0.002381,0.000000,0.039716,0.174448;
}
APWITHINDEX {
630,-3.111111,-80.000000,6.888889,1.206305,-0.424362,0.002519,0.000000,0.031456,0.196438;
}
APWITHINDEX {
631,-1.111111,-80.000000,6.888889,1.200019,-0.419246,0.002537,0.000000,0.043379,0.223134;
}
APWITHINDEX {
632,0.888889,-80.000000,6.888889,1.204013,-0.383463,0.010723,0.000000,0.188240,0.282322;
}
APWITHINDEX {
633,2.888889,-80.000000,6.888889,1.028947,-0.554057,0.009205,0.000000,0.148402,0.310555;
}
APWITHINDEX {
634,4.888889,-80.000000,6.888889,1.013481,-0.565501,0.009860,0.000000,0.142170,0.335605;
}
APWITHINDEX {
635,6.888889,-80.000000,6.888889,1.008345,-0.566669,0.020893,0.000000,0.140470,0.360100;
}
APWITHINDEX {
636,8.888889,-80.000000,6.888889,0.992913,-0.572092,0.023565,0.000000,0.156060,0.381703;
}
APWITHINDEX {
637,9.111111,-80.000000,6.888889,0.985997,-0.577298,0.023712,0.000000,0.156966,0.383246;
}
APWITHINDEX {
638,-9.111111,-80.000000,8.888889,1.373896,-0.306196,0.001008,0.000000,0.047980,0.143663;
}
APWITHINDEX {
639,-7.111111,-80.000000,8.888889,1.346453,-0.316952,0.002258,0.000000,0.058555,0.167923;
}
APWITHINDEX {
640,-5.111111,-80.000000,8.888889,1.288998,-0.366414,0.002355,0.000000,0.075870,0.190018;
}
APWITHINDEX {
641,-3.111111,-80.000000,8.888889,1.276172,-0.371834,0.002536,0.000000,0.087179,0.212988;
}
APWITHINDEX {
642,-1.111111,-80.000000,8.888889,1.268306,-0.375763,0.002759,0.000000,0.057407,0.232131;
}
APWITHINDEX {
643,0.888889,-80.000000,8.888889,1.252027,-0.378408,0.002922,0.000000,0.069623,0.258415;
}
APWITHINDEX {
644,2.888889,-80.000000,8.888889,1.064618,-0.546287,0.009681,0.000000,0.148479,0.321458;
}
APWITHINDEX {
645,4.888889,-80.000000,8.888889,1.041037,-0.557826,0.010317,0.000000,0.136018,0.334209;
}
APWITHINDEX {
646,6.888889,-80.000000,8.888889,1.075150,-0.515143,0.022439,0.000000,0.151852,0.368956;
}
APWITHINDEX {
647,8.888889,-80.000000,8.888889,1.102440,-0.481499,0.024863,0.000000,0.162198,0.386603;
}
APWITHINDEX {
648,9.111111,-80.000000,8.888889,1.162070,-0.430421,0.026325,0.000000,0.169841,0.395353;
}
APWITHINDEX {
649,-9.111111,-80.000000,9.111111,1.371811,-0.307194,0.001166,0.000000,0.035346,0.150631;
}
APWITHINDEX {
650,-7.111111,-80.000000,9.111111,1.372318,-0.307183,0.002033,0.000000,0.052845,0.171095;
}
APWITHINDEX {
651,-5.111111,-80.000000,9.111111,1.301184,-0.359111,0.002415,0.000000,0.068611,0.188331;
}
APWITHINDEX {
652,-3.111111,-80.000000,9.111111,1.287036,-0.368042,0.002569,0.000000,0.085050,0.214946;
}
APWITHINDEX {
653,-1.111111,-80.000000,9.111111,1.275382,-0.369379,0.002813,0.000000,0.061240,0.233762;
}
APWITHINDEX {
654,0.888889,-80.000000,9.111111,1.262132,-0.372603,0.002898,0.000000,0.074922,0.258623;
}
APWITHINDEX {
655,2.888889,-80.000000,9.111111,1.084702,-0.522558,0.009941,0.000000,0.163057,0.323966;
}
APWITHINDEX {
656,4.888889,-80.000000,9.111111,1.062751,-0.533577,0.010920,0.000000,0.168109,0.350767;
}
APWITHINDEX {
657,6.888889,-80.000000,9.111111,1.089338,-0.503369,0.022602,0.000000,0.152609,0.369471;
}
APWITHINDEX {
658,8.888889,-80.000000,9.111111,1.113812,-0.471419,0.025276,0.000000,0.164426,0.389323;
}
APWITHINDEX {
659,9.111111,-80.000000,9.111111,1.166347,-0.426729,0.026423,0.000000,0.170363,0.395882;
}
APWITHINDEX {
660,-9.555556,-90.000000,-9.555556,0.455380,-1.005021,0.000149,0.000000,-0.073901,-0.031678;
}
APWITHINDEX {
661,-7.555556,-90.000000,-9.555556,0.444441,-1.011812,0.000024,0.000000,-0.089503,-0.023728;
}
APWITHINDEX {
662,-5.555556,-90.000000,-9.555556,0.366170,-1.080280,0.000042,0.000000,-0.090406,-0.012925;
}
APWITHINDEX {
663,-3.555556,-90.000000,-9.555556,0.322783,-1.125889,0.000070,0.000000,-0.078466,0.018038;
}
APWITHINDEX {
664,-1.555556,-90.000000,-9.555556,0.228980,-1.209627,0.000066,0.000000,-0.095118,0.008985;
}
APWITHINDEX {
665,0.444444,-90.000000,-9.555556,-0.033376,-1.463313,0.000169,0.000000,0.154206,0.227087;
}
APWITHINDEX {
666,2.444444,-90.000000,-9.555556,-0.056157,-1.486232,0.000145,0.000000,0.151015,0.250001;
}
APWITHINDEX {
667,4.444444,-90.000000,-9.555556,0.031078,-1.384080,0.000226,0.000000,0.082464,0.208400;
}
APWITHINDEX {
668,6.444444,-90.000000,-9.555556,0.083113,-1.330893,0.000198,0.000000,0.070705,0.227195;
}
APWITHINDEX {
669,8.444444,-90.000000,-9.555556,0.052804,-1.354517,0.000233,0.000000,0.082941,0.256780;
}
APWITHINDEX {
670,9.555556,-90.000000,-9.555556,0.032926,-1.353630,0.000000,0.000000,0.037581,0.224711;
}
APWITHINDEX {
671,-9.555556,-90.000000,-7.555556,0.537625,-0.949240,0.000236,0.000000,-0.055114,-0.004639;
}
APWITHINDEX {
672,-7.555556,-90.000000,-7.555556,0.501545,-0.976396,0.000066,0.000000,-0.062548,0.008507;
}
APWITHINDEX {
673,-5.555556,-90.000000,-7.555556,0.454791,-1.017091,0.000047,0.000000,-0.071100,0.025608;
}
APWITHINDEX {
674,-3.555556,-90.000000,-7.555556,0.381427,-1.081521,0.000033,0.000000,-0.074652,0.034939;
}
APWITHINDEX {
675,-1.555556,-90.000000,-7.555556,0.321843,-1.140528,0.000060,0.000000,-0.091020,0.034385;
}
APWITHINDEX {
676,0.444444,-90.000000,-7.555556,0.018498,-1.439485,0.000206,0.000000,0.115916,0.209450;
}
APWITHINDEX {
677,2.444444,-90.000000,-7.555556,0.182458,-1.266606,0.000786,0.000000,0.090096,0.211400;
}
APWITHINDEX {
678,4.444444,-90.000000,-7.555556,0.184980,-1.258564,0.001127,0.000000,0.091295,0.236437;
}
APWITHINDEX {
679,6.444444,-90.000000,-7.555556,0.226690,-1.203660,0.003171,0.000000,0.062675,0.228630;
}
APWITHINDEX {
680,8.444444,-90.000000,-7.555556,0.179619,-1.245653,0.003154,0.000000,0.081146,0.258099;
}
APWITHINDEX {
681,9.555556,-90.000000,-7.555556,0.158309,-1.260394,0.001600,0.000000,0.062294,0.257690;
}
APWITHINDEX {
682,-9.555556,-90.000000,-5.555556,0.608237,-0.900069,0.000275,0.000000,-0.047614,0.014329;
}
APWITHINDEX {
683,-7.555556,-90.000000,-5.555556,0.567364,-0.936798,0.000286,0.000000,-0.033787,0.038922;
}
APWITHINDEX {
684,-5.555556,-90.000000,-5.555556,0.555888,-0.938435,0.000115,0.000000,-0.042856,0.055851;
}
APWITHINDEX {
685,-3.555556,-90.000000,-5.555556,0.494451,-1.001411,0.000068,0.000000,-0.066375,0.061574;
}
APWITHINDEX {
686,-1.555556,-90.000000,-5.555556,0.420409,-1.059096,0.000044,0.000000,-0.085681,0.058559;
}
APWITHINDEX {
687,0.444444,-90.000000,-5.555556,0.295992,-1.179723,0.001971,0.000000,0.091610,0.205979;
}
APWITHINDEX {
688,2.444444,-90.000000,-5.555556,0.305759,-1.159326,0.002259,0.000000,0.079260,0.213954;
}
APWITHINDEX {
689,4.444444,-90.000000,-5.555556,0.303546,-1.159077,0.002317,0.000000,0.059630,0.223930;
}
APWITHINDEX {
690,6.444444,-90.000000,-5.555556,0.272287,-1.181446,0.002273,0.000000,0.062498,0.234134;
}
APWITHINDEX {
691,8.444444,-90.000000,-5.555556,0.215057,-1.229677,0.002203,0.000000,0.101827,0.288231;
}
APWITHINDEX {
692,9.555556,-90.000000,-5.555556,0.165822,-1.273739,0.002284,0.000000,0.122469,0.310484;
}
APWITHINDEX {
693,-9.555556,-90.000000,-3.555556,0.669445,-0.858706,0.000102,0.000000,-0.055812,0.024602;
}
APWITHINDEX {
694,-7.555556,-90.000000,-3.555556,0.626838,-0.894592,0.000090,0.000000,-0.048016,0.045812;
}
APWITHINDEX {
695,-5.555556,-90.000000,-3.555556,0.585516,-0.930354,0.000132,0.000000,-0.041272,0.070967;
}
APWITHINDEX {
696,-3.555556,-90.000000,-3.555556,0.580813,-0.929506,0.000090,0.000000,-0.054991,0.078206;
}
APWITHINDEX {
697,-1.555556,-90.000000,-3.555556,0.339442,-1.163465,0.002381,0.000000,0.090090,0.192984;
}
APWITHINDEX {
698,0.444444,-90.000000,-3.555556,0.349550,-1.151608,0.002439,0.000000,0.087046,0.204042;
}
APWITHINDEX {
699,2.444444,-90.000000,-3.555556,0.342039,-1.144564,0.002419,0.000000,0.078945,0.220625;
}
APWITHINDEX {
700,4.444444,-90.000000,-3.555556,0.299347,-1.185281,0.002426,0.000000,0.077514,0.245406;
}
APWITHINDEX {
701,6.444444,-90.000000,-3.555556,0.240175,-1.239239,0.002399,0.000000,0.086325,0.263663;
}
APWITHINDEX {
702,8.444444,-90.000000,-3.555556,0.174466,-1.292357,0.002379,0.000000,0.117353,0.312463;
}
APWITHINDEX {
703,9.555556,-90.000000,-3.555556,0.140399,-1.320850,0.002373,0.000000,0.131339,0.327625;
}
APWITHINDEX {
704,-9.555556,-90.000000,-1.555556,0.734435,-0.822313,0.000118,0.000000,-0.067278,0.036022;
}
APWITHINDEX {
705,-7.555556,-90.000000,-1.555556,0.694438,-0.849459,0.000132,0.000000,-0.079687,0.039968;
}
APWITHINDEX {
706,-5.555556,-90.000000,-1.555556,0.646724,-0.890920,0.000132,0.000000,-0.061676,0.071524;
}
APWITHINDEX {
707,-3.555556,-90.000000,-1.555556,0.610416,-0.926096,0.000099,0.000000,-0.022380,0.106787;
}
APWITHINDEX {
708,-1.555556,-90.000000,-1.555556,0.607708,-0.919799,0.000045,0.000000,-0.061849,0.105035;
}
APWITHINDEX {
709,0.444444,-90.000000,-1.555556,0.365589,-1.150133,0.002506,0.000000,0.080767,0.206313;
}
APWITHINDEX {
710,2.444444,-90.000000,-1.555556,0.331398,-1.186150,0.002539,0.000000,0.070198,0.219694;
}
APWITHINDEX {
711,4.444444,-90.000000,-1.555556,0.268208,-1.232386,0.002534,0.000000,0.087078,0.248679;
}
APWITHINDEX {
712,6.444444,-90.000000,-1.555556,0.209003,-1.286682,0.002507,0.000000,0.111384,0.291264;
}
APWITHINDEX {
713,8.444444,-90.000000,-1.555556,0.141123,-1.343362,0.002505,0.000000,0.148580,0.337143;
}
APWITHINDEX {
714,9.555556,-90.000000,-1.555556,0.114542,-1.367339,0.002520,0.000000,0.140627,0.350877;
}
APWITHINDEX {
715,-9.555556,-90.000000,0.444444,1.005256,-0.578968,0.000013,0.000000,-0.006971,0.095928;
}
APWITHINDEX {
716,-7.555556,-90.000000,0.444444,0.723528,-0.842563,0.000266,0.000000,-0.076033,0.058452;
}
APWITHINDEX {
717,-5.555556,-90.000000,0.444444,1.010260,-0.562221,0.000958,0.000000,0.007656,0.140074;
}
APWITHINDEX {
718,-3.555556,-90.000000,0.444444,1.005290,-0.558895,0.002550,0.000000,0.020346,0.162916;
}
APWITHINDEX {
719,-1.555556,-90.000000,0.444444,0.982055,-0.571038,0.005225,0.000000,0.031377,0.185056;
}
APWITHINDEX {
720,0.444444,-90.000000,0.444444,1.039127,-0.491680,0.008522,0.000000,0.144154,0.248030;
}
APWITHINDEX {
721,2.444444,-90.000000,0.444444,1.034823,-0.489929,0.009103,0.000000,0.134974,0.257051;
}
APWITHINDEX {
722,4.444444,-90.000000,0.444444,1.016686,-0.494674,0.010804,0.000000,0.149142,0.281990;
}
APWITHINDEX {
723,6.444444,-90.000000,0.444444,0.998430,-0.498015,0.012631,0.000000,0.172511,0.315106;
}
APWITHINDEX {
724,8.444444,-90.000000,0.444444,0.980387,-0.500578,0.028349,0.000000,0.200000,0.352571;
}
APWITHINDEX {
725,9.555556,-90.000000,0.444444,0.118511,-1.337880,0.004812,0.000000,0.110845,0.309899;
}
APWITHINDEX {
726,-9.555556,-90.000000,2.444444,1.095501,-0.511494,0.000013,0.000000,-0.002069,0.109781;
}
APWITHINDEX {
727,-7.555556,-90.000000,2.444444,1.097140,-0.503180,0.000703,0.000000,-0.005844,0.130511;
}
APWITHINDEX {
728,-5.555556,-90.000000,2.444444,1.088221,-0.502594,0.002289,0.000000,0.032156,0.161335;
}
APWITHINDEX {
729,-3.555556,-90.000000,2.444444,1.065585,-0.517751,0.002415,0.000000,0.032330,0.174703;
}
APWITHINDEX {
730,-1.555556,-90.000000,2.444444,1.028594,-0.544031,0.002532,0.000000,0.044241,0.198541;
}
APWITHINDEX {
731,0.444444,-90.000000,2.444444,1.043194,-0.501576,0.008631,0.000000,0.154969,0.259131;
}
APWITHINDEX {
732,2.444444,-90.000000,2.444444,1.034093,-0.511166,0.008713,0.000000,0.139081,0.267880;
}
APWITHINDEX {
733,4.444444,-90.000000,2.444444,1.018934,-0.511634,0.019893,0.000000,0.149011,0.304131;
}
APWITHINDEX {
734,6.444444,-90.000000,2.444444,1.001146,-0.518006,0.023335,0.000000,0.169778,0.331728;
}
APWITHINDEX {
735,8.444444,-90.000000,2.444444,0.982756,-0.521098,0.026948,0.000000,0.190461,0.359746;
}
APWITHINDEX {
736,9.555556,-90.000000,2.444444,0.974343,-0.523490,0.028604,0.000000,0.200000,0.373026;
}
APWITHINDEX {
737,-9.555556,-90.000000,4.444444,1.211409,-0.408277,0.001084,0.000000,0.010897,0.120052;
}
APWITHINDEX {
738,-7.555556,-90.000000,4.444444,1.211192,-0.405061,0.001947,0.000000,0.019635,0.151924;
}
APWITHINDEX {
739,-5.555556,-90.000000,4.444444,1.182235,-0.423589,0.002279,0.000000,0.040108,0.172384;
}
APWITHINDEX {
740,-3.555556,-90.000000,4.444444,1.102399,-0.492716,0.002294,0.000000,0.028610,0.185857;
}
APWITHINDEX {
741,-1.555556,-90.000000,4.444444,1.095153,-0.499552,0.002558,0.000000,0.032762,0.203521;
}
APWITHINDEX {
742,0.444444,-90.000000,4.444444,1.044297,-0.514652,0.008863,0.000000,0.164403,0.267951;
}
APWITHINDEX {
743,2.444444,-90.000000,4.444444,1.030967,-0.526586,0.008923,0.000000,0.144763,0.287415;
}
APWITHINDEX {
744,4.444444,-90.000000,4.444444,0.299816,-1.138580,0.004384,0.000000,0.042776,0.205115;
}
APWITHINDEX {
745,6.444444,-90.000000,4.444444,1.007643,-0.537889,0.020903,0.000000,0.149140,0.331799;
}
APWITHINDEX {
746,8.444444,-90.000000,4.444444,0.986742,-0.542046,0.025058,0.000000,0.173871,0.363480;
}
APWITHINDEX {
747,9.555556,-90.000000,4.444444,0.977222,-0.544692,0.026927,0.000000,0.184798,0.378402;
}
APWITHINDEX {
748,-9.555556,-90.000000,6.444444,1.259118,-0.385634,0.001717,0.000000,0.020204,0.129216;
}
APWITHINDEX {
749,-7.555556,-90.000000,6.444444,1.247474,-0.379668,0.001566,0.000000,0.046523,0.155640;
}
APWITHINDEX {
750,-5.555556,-90.000000,6.444444,1.203944,-0.424303,0.002267,0.000000,0.062069,0.176129;
}
APWITHINDEX {
751,-3.555556,-90.000000,6.444444,1.159098,-0.456101,0.002483,0.000000,0.031981,0.193380;
}
APWITHINDEX {
752,-1.555556,-90.000000,6.444444,1.159961,-0.449772,0.002553,0.000000,0.039525,0.212573;
}
APWITHINDEX {
753,0.444444,-90.000000,6.444444,1.182037,-0.397588,0.010326,0.000000,0.186360,0.272122;
}
APWITHINDEX {
754,2.444444,-90.000000,6.444444,1.039745,-0.539190,0.009149,0.000000,0.147707,0.290664;
}
APWITHINDEX {
755,4.444444,-90.000000,6.444444,1.025133,-0.551049,0.009204,0.000000,0.128501,0.308815;
}
APWITHINDEX {
756,6.444444,-90.000000,6.444444,1.027426,-0.535292,0.020570,0.000000,0.143367,0.340184;
}
APWITHINDEX {
757,8.444444,-90.000000,6.444444,1.023267,-0.533231,0.022762,0.000000,0.155976,0.357756;
}
APWITHINDEX {
758,9.555556,-90.000000,6.444444,1.001490,-0.546353,0.024275,0.000000,0.165058,0.370276;
}
APWITHINDEX {
759,-9.555556,-90.000000,8.444444,1.322482,-0.341975,0.000518,0.000000,0.029151,0.145105;
}
APWITHINDEX {
760,-7.555556,-90.000000,8.444444,1.283655,-0.369450,0.002123,0.000000,0.049811,0.162958;
}
APWITHINDEX {
761,-5.555556,-90.000000,8.444444,1.236708,-0.405560,0.002591,0.000000,0.049267,0.181874;
}
APWITHINDEX {
762,-3.555556,-90.000000,8.444444,1.223348,-0.408876,0.002697,0.000000,0.064202,0.206983;
}
APWITHINDEX {
763,-1.555556,-90.000000,8.444444,1.215851,-0.413464,0.002720,0.000000,0.055424,0.222994;
}
APWITHINDEX {
764,0.444444,-90.000000,8.444444,1.208955,-0.406240,0.002801,0.000000,0.081532,0.248880;
}
APWITHINDEX {
765,2.444444,-90.000000,8.444444,1.094056,-0.500933,0.009875,0.000000,0.154390,0.304012;
}
APWITHINDEX {
766,4.444444,-90.000000,8.444444,1.087559,-0.499753,0.010300,0.000000,0.135851,0.318046;
}
APWITHINDEX {
767,6.444444,-90.000000,8.444444,1.114792,-0.468081,0.011213,0.000000,0.141949,0.334664;
}
APWITHINDEX {
768,8.444444,-90.000000,8.444444,1.116413,-0.454608,0.024315,0.000000,0.163909,0.365018;
}
APWITHINDEX {
769,9.555556,-90.000000,8.444444,1.103610,-0.464197,0.025061,0.000000,0.168955,0.371570;
}
APWITHINDEX {
770,-9.555556,-90.000000,9.555556,1.349095,-0.318369,0.000448,0.000000,0.022100,0.146343;
}
APWITHINDEX {
771,-7.555556,-90.000000,9.555556,1.328410,-0.330531,0.001368,0.000000,0.052095,0.171360;
}
APWITHINDEX {
772,-5.555556,-90.000000,9.555556,1.277321,-0.374650,0.002299,0.000000,0.039534,0.190542;
}
APWITHINDEX {
773,-3.555556,-90.000000,9.555556,1.263178,-0.379909,0.002333,0.000000,0.051367,0.212242;
}
APWITHINDEX {
774,-1.555556,-90.000000,9.555556,1.251954,-0.382157,0.002791,0.000000,0.076073,0.231905;
}
APWITHINDEX {
775,0.444444,-90.000000,9.555556,1.246535,-0.383073,0.002869,0.000000,0.069336,0.250021;
}
APWITHINDEX {
776,2.444444,-90.000000,9.555556,1.191935,-0.404002,0.011006,0.000000,0.188947,0.304849;
}
APWITHINDEX {
777,4.444444,-90.000000,9.555556,1.128263,-0.471396,0.020388,0.000000,0.154208,0.328706;
}
APWITHINDEX {
778,6.444444,-90.000000,9.555556,1.128274,-0.459381,0.011221,0.000000,0.141018,0.339149;
}
APWITHINDEX {
779,8.444444,-90.000000,9.555556,1.144020,-0.430903,0.024911,0.000000,0.167059,0.368178;
}
APWITHINDEX {
780,9.555556,-90.000000,9.555556,1.149716,-0.424037,0.025852,0.000000,0.172382,0.375336;
}
APWITHINDEX {
781,-10.000000,-100.000000,-10.000000,0.500143,-0.966730,0.000023,0.000000,-0.089400,-0.028914;
}
APWITHINDEX {
782,-8.000000,-100.000000,-10.000000,0.418398,-1.040069,0.000095,0.000000,-0.075801,-0.009970;
}
APWITHINDEX {
783,-6.000000,-100.000000,-10.000000,0.402235,-1.055735,0.000063,0.000000,-0.062353,0.025028;
}
APWITHINDEX {
784,-4.000000,-100.000000,-10.000000,0.324169,-1.126713,0.000050,0.000000,-0.093275,0.002480;
}
APWITHINDEX {
785,-2.000000,-100.000000,-10.000000,0.271660,-1.168573,0.000057,0.000000,-0.115593,-0.006305;
}
APWITHINDEX {
786,0.000000,-100.000000,-10.000000,0.249687,-1.188536,0.000022,0.000000,-0.105915,0.016941;
}
APWITHINDEX {
787,2.000000,-100.000000,-10.000000,-0.025079,-1.461142,0.000211,0.000000,0.127428,0.225687;
}
APWITHINDEX {
788,4.000000,-100.000000,-10.000000,0.006418,-1.419461,0.000107,0.000000,0.078831,0.191911;
}
APWITHINDEX {
789,6.000000,-100.000000,-10.000000,0.061488,-1.357313,0.000079,0.000000,0.020853,0.167284;
}
APWITHINDEX {
790,8.000000,-100.000000,-10.000000,-0.003837,-1.416753,0.000107,0.000000,0.079391,0.235185;
}
APWITHINDEX {
791,10.000000,-100.000000,-10.000000,0.040314,-1.366242,0.000007,0.000000,0.040993,0.219360;
}
APWITHINDEX {
792,-10.000000,-100.000000,-8.000000,0.515518,-0.969923,0.000178,0.000000,-0.069469,-0.008959;
}
APWITHINDEX {
793,-8.000000,-100.000000,-8.000000,0.475180,-1.005150,0.000176,0.000000,-0.057454,0.014154;
}
APWITHINDEX {
794,-6.000000,-100.000000,-8.000000,0.461242,-1.013164,0.000060,0.000000,-0.061036,0.035756;
}
APWITHINDEX {
795,-4.000000,-100.000000,-8.000000,0.388604,-1.082586,0.000049,0.000000,-0.074028,0.029295;
}
APWITHINDEX {
796,-2.000000,-100.000000,-8.000000,0.349648,-1.112152,0.000051,0.000000,-0.093513,0.027675;
}
APWITHINDEX {
797,0.000000,-100.000000,-8.000000,0.008332,-1.453478,0.000121,0.000000,0.115963,0.198139;
}
APWITHINDEX {
798,2.000000,-100.000000,-8.000000,0.136891,-1.313301,0.000261,0.000000,0.084674,0.195839;
}
APWITHINDEX {
799,4.000000,-100.000000,-8.000000,0.166922,-1.284716,0.000588,0.000000,0.080303,0.215987;
}
APWITHINDEX {
800,6.000000,-100.000000,-8.000000,0.156733,-1.282364,0.001314,0.000000,0.059926,0.215748;
}
APWITHINDEX {
801,8.000000,-100.000000,-8.000000,0.104309,-1.327294,0.001076,0.000000,0.076207,0.242134;
}
APWITHINDEX {
802,10.000000,-100.000000,-8.000000,0.062333,-1.361872,0.001477,0.000000,0.096958,0.278203;
}
APWITHINDEX {
803,-10.000000,-100.000000,-6.000000,0.611227,-0.900952,0.000099,0.000000,-0.061921,0.021821;
}
APWITHINDEX {
804,-8.000000,-100.000000,-6.000000,0.564061,-0.934879,0.000063,0.000000,-0.058624,0.032325;
}
APWITHINDEX {
805,-6.000000,-100.000000,-6.000000,0.543314,-0.957822,0.000084,0.000000,-0.052526,0.053706;
}
APWITHINDEX {
806,-4.000000,-100.000000,-6.000000,0.518061,-0.971366,0.000023,0.000000,-0.068709,0.055591;
}
APWITHINDEX {
807,-2.000000,-100.000000,-6.000000,0.455116,-1.029223,0.000045,0.000000,-0.072500,0.062636;
}
APWITHINDEX {
808,0.000000,-100.000000,-6.000000,0.286930,-1.192571,0.001864,0.000000,0.092906,0.203196;
}
APWITHINDEX {
809,2.000000,-100.000000,-6.000000,0.299633,-1.173063,0.002023,0.000000,0.081500,0.202303;
}
APWITHINDEX {
810,4.000000,-100.000000,-6.000000,0.301392,-1.164603,0.002312,0.000000,0.065293,0.209289;
}
APWITHINDEX {
811,6.000000,-100.000000,-6.000000,0.286303,-1.178336,0.002233,0.000000,0.076586,0.237207;
}
APWITHINDEX {
812,8.000000,-100.000000,-6.000000,0.241121,-1.211679,0.002237,0.000000,0.065983,0.251749;
}
APWITHINDEX {
813,10.000000,-100.000000,-6.000000,0.191994,-1.252231,0.002211,0.000000,0.094795,0.284494;
}
APWITHINDEX {
814,-10.000000,-100.000000,-4.000000,0.665437,-0.863059,0.000090,0.000000,-0.073928,0.023519;
}
APWITHINDEX {
815,-8.000000,-100.000000,-4.000000,0.627915,-0.895736,0.000090,0.000000,-0.048582,0.055414;
}
APWITHINDEX {
816,-6.000000,-100.000000,-4.000000,0.584977,-0.930417,0.000077,0.000000,-0.037855,0.070106;
}
APWITHINDEX {
817,-4.000000,-100.000000,-4.000000,0.586500,-0.933157,0.000083,0.000000,-0.055992,0.081659;
}
APWITHINDEX {
818,-2.000000,-100.000000,-4.000000,0.555988,-0.958590,0.000050,0.000000,-0.060225,0.090768;
}
APWITHINDEX {
819,0.000000,-100.000000,-4.000000,0.344823,-1.151993,0.002466,0.000000,0.076414,0.196437;
}
APWITHINDEX {
820,2.000000,-100.000000,-4.000000,0.332984,-1.158946,0.004835,0.000000,0.072142,0.213859;
}
APWITHINDEX {
821,4.000000,-100.000000,-4.000000,0.310326,-1.173073,0.002428,0.000000,0.069946,0.225493;
}
APWITHINDEX {
822,6.000000,-100.000000,-4.000000,0.265537,-1.212951,0.002378,0.000000,0.086156,0.258132;
}
APWITHINDEX {
823,8.000000,-100.000000,-4.000000,0.218636,-1.255446,0.002384,0.000000,0.112181,0.286754;
}
APWITHINDEX {
824,10.000000,-100.000000,-4.000000,0.160647,-1.300900,0.002373,0.000000,0.111235,0.310552;
}
APWITHINDEX {
825,-10.000000,-100.000000,-2.000000,0.717669,-0.831161,0.000119,0.000000,-0.080306,0.035912;
}
APWITHINDEX {
826,-8.000000,-100.000000,-2.000000,0.681490,-0.861412,0.000125,0.000000,-0.069648,0.044563;
}
APWITHINDEX {
827,-6.000000,-100.000000,-2.000000,0.640804,-0.894315,0.000081,0.000000,-0.055594,0.069524;
}
APWITHINDEX {
828,-4.000000,-100.000000,-2.000000,0.607994,-0.925102,0.000087,0.000000,-0.040795,0.098203;
}
APWITHINDEX {
829,-2.000000,-100.000000,-2.000000,0.604233,-0.920635,0.000044,0.000000,-0.062058,0.102992;
}
APWITHINDEX {
830,0.000000,-100.000000,-2.000000,0.366716,-1.150142,0.005084,0.000000,0.074553,0.203701;
}
APWITHINDEX {
831,2.000000,-100.000000,-2.000000,0.346711,-1.162631,0.002523,0.000000,0.047927,0.193313;
}
APWITHINDEX {
832,4.000000,-100.000000,-2.000000,0.291335,-1.211246,0.002538,0.000000,0.086121,0.238479;
}
APWITHINDEX {
833,6.000000,-100.000000,-2.000000,0.234764,-1.260479,0.002502,0.000000,0.093721,0.261933;
}
APWITHINDEX {
834,8.000000,-100.000000,-2.000000,0.183436,-1.306731,0.002541,0.000000,0.111991,0.302133;
}
APWITHINDEX {
835,10.000000,-100.000000,-2.000000,0.137227,-1.344479,0.002510,0.000000,0.123853,0.328047;
}
APWITHINDEX {
836,-10.000000,-100.000000,0.000000,0.774443,-0.794324,0.000090,0.000000,-0.090794,0.035935;
}
APWITHINDEX {
837,-8.000000,-100.000000,0.000000,0.741048,-0.828424,0.000116,0.000000,-0.063362,0.064190;
}
APWITHINDEX {
838,-6.000000,-100.000000,0.000000,0.985779,-0.580808,0.000570,0.000000,-0.002229,0.136454;
}
APWITHINDEX {
839,-4.000000,-100.000000,0.000000,0.626148,-0.925691,0.000269,0.000000,-0.047845,0.104667;
}
APWITHINDEX {
840,-2.000000,-100.000000,0.000000,0.621771,-0.923093,0.000140,0.000000,-0.044749,0.117291;
}
APWITHINDEX {
841,0.000000,-100.000000,0.000000,1.042434,-0.481057,0.008423,0.000000,0.158756,0.236967;
}
APWITHINDEX {
842,2.000000,-100.000000,0.000000,1.039154,-0.483587,0.008705,0.000000,0.132721,0.246913;
}
APWITHINDEX {
843,4.000000,-100.000000,0.000000,1.024234,-0.485574,0.010400,0.000000,0.147260,0.268818;
}
APWITHINDEX {
844,6.000000,-100.000000,0.000000,1.008046,-0.491193,0.011900,0.000000,0.170391,0.297969;
}
APWITHINDEX {
845,8.000000,-100.000000,0.000000,0.992556,-0.494554,0.013342,0.000000,0.179747,0.321503;
}
APWITHINDEX {
846,10.000000,-100.000000,0.000000,0.979595,-0.498581,0.014718,0.000000,0.184340,0.341817;
}
APWITHINDEX {
847,-10.000000,-100.000000,2.000000,1.055272,-0.541797,0.000013,0.000000,-0.015616,0.105859;
}
APWITHINDEX {
848,-8.000000,-100.000000,2.000000,1.056572,-0.533349,0.000208,0.000000,0.012063,0.133055;
}
APWITHINDEX {
849,-6.000000,-100.000000,2.000000,1.054395,-0.528312,0.001746,0.000000,0.004970,0.151166;
}
APWITHINDEX {
850,-4.000000,-100.000000,2.000000,1.055798,-0.520418,0.005008,0.000000,0.032302,0.174215;
}
APWITHINDEX {
851,-2.000000,-100.000000,2.000000,1.018174,-0.549954,0.002550,0.000000,0.023087,0.188213;
}
APWITHINDEX {
852,0.000000,-100.000000,2.000000,1.045833,-0.499094,0.008661,0.000000,0.163822,0.251436;
}
APWITHINDEX {
853,2.000000,-100.000000,2.000000,1.037551,-0.500574,0.008609,0.000000,0.156801,0.266015;
}
APWITHINDEX {
854,4.000000,-100.000000,2.000000,1.024950,-0.502922,0.019076,0.000000,0.147021,0.290471;
}
APWITHINDEX {
855,6.000000,-100.000000,2.000000,1.011765,-0.507869,0.011120,0.000000,0.153861,0.305108;
}
APWITHINDEX {
856,8.000000,-100.000000,2.000000,0.995584,-0.511968,0.012690,0.000000,0.165176,0.322825;
}
APWITHINDEX {
857,10.000000,-100.000000,2.000000,0.977710,-0.514491,0.028321,0.000000,0.200000,0.363834;
}
APWITHINDEX {
858,-10.000000,-100.000000,4.000000,1.134649,-0.479659,0.000071,0.000000,-0.009415,0.115216;
}
APWITHINDEX {
859,-8.000000,-100.000000,4.000000,1.135658,-0.472309,0.001650,0.000000,0.043813,0.147236;
}
APWITHINDEX {
860,-6.000000,-100.000000,4.000000,1.132353,-0.467884,0.004757,0.000000,0.033169,0.162952;
}
APWITHINDEX {
861,-4.000000,-100.000000,4.000000,1.087913,-0.505754,0.002438,0.000000,0.026886,0.185992;
}
APWITHINDEX {
862,-2.000000,-100.000000,4.000000,1.067347,-0.515001,0.002507,0.000000,0.025447,0.196407;
}
APWITHINDEX {
863,0.000000,-100.000000,4.000000,1.050636,-0.508584,0.008738,0.000000,0.161701,0.256704;
}
APWITHINDEX {
864,2.000000,-100.000000,4.000000,1.035393,-0.516333,0.009042,0.000000,0.145927,0.272529;
}
APWITHINDEX {
865,4.000000,-100.000000,4.000000,1.027343,-0.519052,0.017667,0.000000,0.133618,0.294490;
}
APWITHINDEX {
866,6.000000,-100.000000,4.000000,1.015368,-0.525086,0.019978,0.000000,0.146364,0.315458;
}
APWITHINDEX {
867,8.000000,-100.000000,4.000000,0.997719,-0.530535,0.023497,0.000000,0.167756,0.343076;
}
APWITHINDEX {
868,10.000000,-100.000000,4.000000,0.155300,-1.274197,0.004478,0.000000,0.087733,0.284817;
}
APWITHINDEX {
869,-10.000000,-100.000000,6.000000,1.216515,-0.416026,0.000742,0.000000,0.014981,0.133322;
}
APWITHINDEX {
870,-8.000000,-100.000000,6.000000,1.188990,-0.428459,0.001319,0.000000,0.013851,0.150181;
}
APWITHINDEX {
871,-6.000000,-100.000000,6.000000,1.146295,-0.463791,0.002354,0.000000,0.054668,0.180687;
}
APWITHINDEX {
872,-4.000000,-100.000000,6.000000,1.131111,-0.475373,0.002419,0.000000,0.022425,0.184601;
}
APWITHINDEX {
873,-2.000000,-100.000000,6.000000,1.132153,-0.472269,0.002541,0.000000,0.029351,0.209564;
}
APWITHINDEX {
874,0.000000,-100.000000,6.000000,1.126362,-0.467386,0.002593,0.000000,0.037813,0.229699;
}
APWITHINDEX {
875,2.000000,-100.000000,6.000000,1.048101,-0.519925,0.009060,0.000000,0.142843,0.280548;
}
APWITHINDEX {
876,4.000000,-100.000000,6.000000,1.044240,-0.515855,0.009131,0.000000,0.147267,0.295082;
}
APWITHINDEX {
877,6.000000,-100.000000,6.000000,1.051445,-0.502479,0.020715,0.000000,0.150844,0.323863;
}
APWITHINDEX {
878,8.000000,-100.000000,6.000000,1.062963,-0.484648,0.022670,0.000000,0.160002,0.338464;
}
APWITHINDEX {
879,10.000000,-100.000000,6.000000,0.996766,-0.534389,0.025260,0.000000,0.177726,0.362047;
}
APWITHINDEX {
880,-10.000000,-100.000000,8.000000,1.286497,-0.363733,0.000398,0.000000,0.022350,0.144600;
}
APWITHINDEX {
881,-8.000000,-100.000000,8.000000,1.247069,-0.393127,0.002597,0.000000,0.033635,0.156354;
}
APWITHINDEX {
882,-6.000000,-100.000000,8.000000,1.243204,-0.384667,0.001581,0.000000,0.040800,0.179327;
}
APWITHINDEX {
883,-4.000000,-100.000000,8.000000,1.194143,-0.431055,0.002438,0.000000,0.051379,0.198859;
}
APWITHINDEX {
884,-2.000000,-100.000000,8.000000,1.184344,-0.434249,0.002592,0.000000,0.036348,0.212323;
}
APWITHINDEX {
885,0.000000,-100.000000,8.000000,1.186801,-0.425403,0.002641,0.000000,0.041537,0.238437;
}
APWITHINDEX {
886,2.000000,-100.000000,8.000000,1.154419,-0.427331,0.010325,0.000000,0.176469,0.288970;
}
APWITHINDEX {
887,4.000000,-100.000000,8.000000,1.095693,-0.478876,0.010758,0.000000,0.181215,0.314735;
}
APWITHINDEX {
888,6.000000,-100.000000,8.000000,1.112911,-0.455450,0.021697,0.000000,0.158346,0.328192;
}
APWITHINDEX {
889,8.000000,-100.000000,8.000000,1.132199,-0.425669,0.024012,0.000000,0.166999,0.345277;
}
APWITHINDEX {
890,10.000000,-100.000000,8.000000,1.025064,-0.515381,0.012983,0.000000,0.197311,0.370403;
}
APWITHINDEX {
891,-10.000000,-100.000000,10.000000,1.328736,-0.334421,0.000440,0.000000,0.029755,0.153453;
}
APWITHINDEX {
892,-8.000000,-100.000000,10.000000,1.281918,-0.371263,0.001217,0.000000,0.043578,0.167990;
}
APWITHINDEX {
893,-6.000000,-100.000000,10.000000,1.264588,-0.379115,0.002428,0.000000,0.064217,0.193013;
}
APWITHINDEX {
894,-4.000000,-100.000000,10.000000,1.248458,-0.389455,0.002485,0.000000,0.057742,0.208463;
}
APWITHINDEX {
895,-2.000000,-100.000000,10.000000,1.243869,-0.387090,0.002672,0.000000,0.060389,0.225228;
}
APWITHINDEX {
896,0.000000,-100.000000,10.000000,1.235545,-0.391187,0.002757,0.000000,0.066314,0.242851;
}
APWITHINDEX {
897,2.000000,-100.000000,10.000000,1.225662,-0.392497,0.002830,0.000000,0.060514,0.262114;
}
APWITHINDEX {
898,4.000000,-100.000000,10.000000,1.185295,-0.409703,0.010618,0.000000,0.157797,0.309829;
}
APWITHINDEX {
899,6.000000,-100.000000,10.000000,1.174917,-0.410281,0.022725,0.000000,0.167225,0.332631;
}
APWITHINDEX {
900,8.000000,-100.000000,10.000000,1.185224,-0.387553,0.025124,0.000000,0.176494,0.351050;
}
APWITHINDEX {
240,-7.333333,-40.000000,6.666667,0.284638,-1.430818,0.000003,0.000000,-0.186614,-0.181572;
}
APWITHINDEX {
493,-0.666666,-70.000000,1.333334,1.139724,-0.413603,0.005624,0.000000,0.200000,0.216231;
}
