LOCKONSYSTEMINFO {
filename="ktrobofcs4.txt";
pointnum=165;
dmin=30.000000;
dmax=50.000000;
mintate=8.000000;
maxtate=8.000000;
minyoko=20.000000;
maxyoko=20.000000;
dtate=4.000000;
dyoko=4.000000;
dd=10.000000;
}
APWITHINDEX {
0,-20.000000,-30.000000,-8.000000,0.108442,-1.300713,0.000000,0.000000,-0.193533,-0.629483;
}
APWITHINDEX {
1,-16.000000,-30.000000,-8.000000,0.775447,-0.675506,0.000000,0.000000,-0.032544,-0.370398;
}
APWITHINDEX {
2,-12.000000,-30.000000,-8.000000,0.734531,-0.682399,0.000000,0.000000,-0.027895,-0.271568;
}
APWITHINDEX {
3,-8.000000,-30.000000,-8.000000,0.703706,-0.685868,0.000018,0.000000,-0.020688,-0.164298;
}
APWITHINDEX {
4,-4.000000,-30.000000,-8.000000,-0.203239,-1.508798,0.000000,0.000000,-0.159480,-0.221171;
}
APWITHINDEX {
5,0.000000,-30.000000,-8.000000,-0.307234,-1.570000,0.000000,0.000000,-0.172074,-0.163069;
}
APWITHINDEX {
6,4.000000,-30.000000,-8.000000,-0.333239,-1.570000,0.000027,0.000000,-0.184141,-0.023590;
}
APWITHINDEX {
7,8.000000,-30.000000,-8.000000,0.099773,-1.121190,0.004370,0.000000,0.002852,0.301680;
}
APWITHINDEX {
8,12.000000,-30.000000,-8.000000,0.061920,-1.117195,0.004143,0.000000,0.008176,0.407480;
}
APWITHINDEX {
9,16.000000,-30.000000,-8.000000,0.025051,-1.114364,0.003849,0.000000,0.013354,0.504659;
}
APWITHINDEX {
10,20.000000,-30.000000,-8.000000,-0.012028,-1.111840,0.003471,0.000000,0.018132,0.592379;
}
APWITHINDEX {
11,-20.000000,-30.000000,-4.000000,1.016832,-0.523702,0.000000,0.000000,-0.189319,-0.431951;
}
APWITHINDEX {
12,-16.000000,-30.000000,-4.000000,0.884708,-0.633135,0.000000,0.000000,-0.191410,-0.364366;
}
APWITHINDEX {
13,-12.000000,-30.000000,-4.000000,0.761841,-0.742428,0.000000,0.000000,-0.170437,-0.274741;
}
APWITHINDEX {
14,-8.000000,-30.000000,-4.000000,0.631132,-0.863119,0.000036,0.000000,-0.104500,-0.149484;
APWITHINDEX {
15,-4.000000,-30.000000,-4.000000,0.486498,-0.961358,0.000068,0.000000,-0.050423,-0.039871;
}
APWITHINDEX {
16,0.000000,-30.000000,-4.000000,0.106856,-1.302787,0.000007,0.000000,-0.118314,-0.031119;
}
APWITHINDEX {
17,4.000000,-30.000000,-4.000000,0.235732,-1.136397,0.003577,0.000000,0.035432,0.234428;
}
APWITHINDEX {
18,8.000000,-30.000000,-4.000000,-0.245625,-1.570000,0.000230,0.000000,0.101764,0.368857;
}
APWITHINDEX {
19,12.000000,-30.000000,-4.000000,-0.306492,-1.570000,0.000303,0.000000,0.200000,0.587789;
}
APWITHINDEX {
20,16.000000,-30.000000,-4.000000,-0.334678,-1.570000,0.000816,0.000000,0.200000,0.662858;
}
APWITHINDEX {
21,20.000000,-30.000000,-4.000000,-0.370000,-1.570000,0.000000,0.000000,0.200000,0.751271;
}
APWITHINDEX {
22,-20.000000,-30.000000,0.000000,1.393554,-0.280988,0.000044,0.000000,-0.187691,-0.368773;
}
APWITHINDEX {
23,-16.000000,-30.000000,0.000000,1.265636,-0.388367,0.000051,0.000000,-0.190118,-0.299817;
}
APWITHINDEX {
24,-12.000000,-30.000000,0.000000,1.113322,-0.518218,0.000051,0.000000,-0.191566,-0.226194;
}
APWITHINDEX {
25,-8.000000,-30.000000,0.000000,0.973490,-0.645515,0.000077,0.000000,-0.146089,-0.124398;
}
APWITHINDEX {
26,-4.000000,-30.000000,0.000000,0.780089,-0.815996,0.000110,0.000000,-0.086597,-0.007621;
}
APWITHINDEX {
27,0.000000,-30.000000,0.000000,0.600093,-0.964145,0.000062,0.000000,-0.192153,0.065117;
}
APWITHINDEX {
28,4.000000,-30.000000,0.000000,0.962592,-0.533694,0.030481,0.000000,0.200000,0.393735;
}
APWITHINDEX {
29,8.000000,-30.000000,0.000000,0.876315,-0.552762,0.047941,0.000000,0.200000,0.528185;
}
APWITHINDEX {
30,12.000000,-30.000000,0.000000,-0.370000,-1.570000,0.004517,0.000000,0.200000,0.603375;
}
APWITHINDEX {
15,-4.000000,-30.000000,-4.000000,0.504669,-0.948830,0.000070,0.000000,-0.054798,-0.048516;
}
APWITHINDEX {
31,16.000000,-30.000000,0.000000,1.801484,0.546111,0.000295,0.000000,0.200000,0.553967;
}
APWITHINDEX {
32,20.000000,-30.000000,0.000000,1.794820,0.610327,0.000204,0.000000,0.200000,0.630161;
}
APWITHINDEX {
33,-20.000000,-30.000000,4.000000,3.457417,1.570000,0.000170,0.000000,0.085774,-0.466364;
}
APWITHINDEX {
34,-16.000000,-30.000000,4.000000,2.445553,0.570388,0.000137,0.000000,0.059766,-0.266135;
}
APWITHINDEX {
35,-12.000000,-30.000000,4.000000,2.005782,0.169741,0.001825,0.000000,0.082718,-0.114065;
}
APWITHINDEX {
36,-8.000000,-30.000000,4.000000,1.517563,-0.253804,0.000023,0.000000,-0.006518,0.035359;
}
APWITHINDEX {
37,-4.000000,-30.000000,4.000000,1.459937,-0.272898,0.003844,0.000000,0.051428,0.116210;
}
APWITHINDEX {
38,0.000000,-30.000000,4.000000,1.829906,0.155611,0.047874,0.000000,0.200000,0.214020;
}
APWITHINDEX {
39,4.000000,-30.000000,4.000000,0.977449,-0.640508,0.025852,0.000000,0.163260,0.440800;
}
APWITHINDEX {
40,8.000000,-30.000000,4.000000,0.910211,-0.643635,0.037971,0.000000,0.200000,0.539504;
}
APWITHINDEX {
41,12.000000,-30.000000,4.000000,0.829129,-0.675216,0.052070,0.000000,0.200000,0.656585;
}
APWITHINDEX {
42,16.000000,-30.000000,4.000000,0.760117,-0.698277,0.065328,0.000000,0.200000,0.765482;
}
APWITHINDEX {
43,20.000000,-30.000000,4.000000,0.696930,-0.718531,0.077553,0.000000,0.200000,0.865253;
}
APWITHINDEX {
44,-20.000000,-30.000000,8.000000,1.299580,-0.601140,0.000000,0.000000,-0.187985,-0.313371;
}
APWITHINDEX {
45,-16.000000,-30.000000,8.000000,2.658303,0.684955,0.000113,0.000000,0.056931,-0.225794;
}
APWITHINDEX {
46,-12.000000,-30.000000,8.000000,2.359688,0.422990,0.001268,0.000000,0.061905,-0.103608;
}
APWITHINDEX {
47,-8.000000,-30.000000,8.000000,2.067991,0.167465,0.004732,0.000000,0.088523,0.017294;
}
APWITHINDEX {
48,-4.000000,-30.000000,8.000000,1.777070,-0.040514,0.003542,0.000000,0.200000,0.143713;
}
APWITHINDEX {
49,0.000000,-30.000000,8.000000,1.735825,-0.032759,0.004935,0.000000,0.178002,0.256424;
}
APWITHINDEX {
50,4.000000,-30.000000,8.000000,1.510363,-0.209260,0.034229,0.000000,0.200000,0.439551;
}
APWITHINDEX {
51,8.000000,-30.000000,8.000000,1.049031,-0.706382,0.016722,0.000000,0.050136,0.536672;
}
APWITHINDEX {
52,12.000000,-30.000000,8.000000,0.779118,-0.931904,0.019343,0.000000,0.048046,0.640277;
}
APWITHINDEX {
53,16.000000,-30.000000,8.000000,0.570210,-1.111813,0.021803,0.000000,0.048345,0.725983;
}
APWITHINDEX {
54,20.000000,-30.000000,8.000000,0.355140,-1.285418,0.024442,0.000000,0.052032,0.805993;
}
APWITHINDEX {
55,-20.000000,-40.000000,-8.000000,0.653559,-0.781692,0.000000,0.000000,-0.195067,-0.405740;
}
APWITHINDEX {
56,-16.000000,-40.000000,-8.000000,0.554021,-0.863868,0.000000,0.000000,-0.196014,-0.347458;
}
APWITHINDEX {
57,-12.000000,-40.000000,-8.000000,0.423008,-0.981617,0.000000,0.000000,-0.186295,-0.284054;
}
APWITHINDEX {
58,-8.000000,-40.000000,-8.000000,0.388576,-1.013476,0.000001,0.000000,-0.116762,-0.155026;
}
APWITHINDEX {
59,-4.000000,-40.000000,-8.000000,0.266991,-1.111223,0.000002,0.000000,-0.083103,-0.085875;
}
APWITHINDEX {
60,0.000000,-40.000000,-8.000000,-0.163116,-1.496602,0.000000,0.000000,-0.153278,-0.112305;
}
APWITHINDEX {
61,4.000000,-40.000000,-8.000000,1.805986,0.502860,0.017014,0.000000,0.200000,0.118407;
}
APWITHINDEX {
62,8.000000,-40.000000,-8.000000,-0.075333,-1.382883,0.000000,0.000000,0.029262,0.251063;
}
APWITHINDEX {
63,12.000000,-40.000000,-8.000000,0.133678,-1.129646,0.005603,0.000000,0.006735,0.349961;
}
APWITHINDEX {
64,16.000000,-40.000000,-8.000000,0.105206,-1.129851,0.005393,0.000000,0.011731,0.433356;
}
APWITHINDEX {
65,20.000000,-40.000000,-8.000000,0.075736,-1.129327,0.005129,0.000000,0.016156,0.510152;
}
APWITHINDEX {
66,-20.000000,-40.000000,-4.000000,0.978094,-0.562679,0.000008,0.000000,-0.192626,-0.322696;
}
APWITHINDEX {
67,-16.000000,-40.000000,-4.000000,0.923203,-0.598360,0.000044,0.000000,-0.168698,-0.266583;
}
APWITHINDEX {
68,-12.000000,-40.000000,-4.000000,0.808855,-0.704292,0.000055,0.000000,-0.132872,-0.190428;
}
APWITHINDEX {
69,-8.000000,-40.000000,-4.000000,0.660589,-0.835816,0.000070,0.000000,-0.088925,-0.101031;
}
APWITHINDEX {
70,-4.000000,-40.000000,-4.000000,0.470735,-1.010318,0.000061,0.000000,-0.054466,-0.018020;
}
APWITHINDEX {
71,0.000000,-40.000000,-4.000000,1.812776,0.349373,0.089480,0.000000,0.200000,0.106817;
}
APWITHINDEX {
72,4.000000,-40.000000,-4.000000,0.258466,-1.152867,0.003776,0.000000,0.041041,0.230521;
}
APWITHINDEX {
73,8.000000,-40.000000,-4.000000,0.051545,-1.332995,0.003718,0.000000,0.098679,0.343408;
}
APWITHINDEX {
74,12.000000,-40.000000,-4.000000,-0.200728,-1.548816,0.003726,0.000000,0.169000,0.481051;
}
APWITHINDEX {
75,16.000000,-40.000000,-4.000000,-0.264767,-1.570000,0.009624,0.000000,0.200000,0.610826;
}
APWITHINDEX {
76,20.000000,-40.000000,-4.000000,0.796920,-0.427167,0.081800,0.000000,0.200000,0.654199;
}
APWITHINDEX {
77,-20.000000,-40.000000,0.000000,1.248093,-0.392819,0.000060,0.000000,-0.192863,-0.276491;
}
APWITHINDEX {
78,-16.000000,-40.000000,0.000000,1.141775,-0.482799,0.000064,0.000000,-0.193964,-0.218921;
}
APWITHINDEX {
79,-12.000000,-40.000000,0.000000,1.034976,-0.580653,0.000075,0.000000,-0.162837,-0.146528;
}
APWITHINDEX {
80,-8.000000,-40.000000,0.000000,0.903579,-0.699914,0.000089,0.000000,-0.123018,-0.065472;
}
APWITHINDEX {
81,-4.000000,-40.000000,0.000000,0.740792,-0.843120,0.000111,0.000000,-0.074943,0.026446;
}
APWITHINDEX {
82,0.000000,-40.000000,0.000000,0.376070,-1.160925,0.004942,0.000000,0.052207,0.186823;
}
APWITHINDEX {
83,4.000000,-40.000000,0.000000,0.982848,-0.517609,0.026987,0.000000,0.191660,0.356838;
}
APWITHINDEX {
84,8.000000,-40.000000,0.000000,0.919312,-0.525269,0.042058,0.000000,0.200000,0.460904;
}
APWITHINDEX {
85,12.000000,-40.000000,0.000000,0.859598,-0.552211,0.051239,0.000000,0.200000,0.550865;
}
APWITHINDEX {
86,16.000000,-40.000000,0.000000,2.964765,1.570000,0.108208,0.000000,0.200000,0.368883;
}
APWITHINDEX {
87,20.000000,-40.000000,0.000000,0.758639,-0.578474,0.071455,0.000000,0.200000,0.710117;
}
APWITHINDEX {
88,-20.000000,-40.000000,4.000000,0.881108,-0.841022,0.000000,0.000000,-0.192766,-0.320595;
}
APWITHINDEX {
89,-16.000000,-40.000000,4.000000,0.963888,-0.750921,0.000000,0.000000,-0.193294,-0.219900;
}
APWITHINDEX {
90,-12.000000,-40.000000,4.000000,1.594163,-0.141372,0.000054,0.000000,0.039143,-0.029337;
}
APWITHINDEX {
91,-8.000000,-40.000000,4.000000,1.464205,-0.251102,0.000000,0.000000,0.006480,0.075794;
}
APWITHINDEX {
92,-4.000000,-40.000000,4.000000,1.319708,-0.365119,0.004182,0.000000,0.044461,0.138173;
}
APWITHINDEX {
93,0.000000,-40.000000,4.000000,1.217849,-0.428283,0.005405,0.000000,0.074749,0.235478;
}
APWITHINDEX {
94,4.000000,-40.000000,4.000000,1.001536,-0.606516,0.019426,0.000000,0.124011,0.377201;
}
APWITHINDEX {
95,8.000000,-40.000000,4.000000,0.927789,-0.626812,0.033465,0.000000,0.200000,0.489521;
}
APWITHINDEX {
96,12.000000,-40.000000,4.000000,-0.227752,-1.533627,0.003686,0.000000,0.167183,0.480152;
}
APWITHINDEX {
97,16.000000,-40.000000,4.000000,0.811669,-0.662273,0.056110,0.000000,0.200000,0.673000;
}
APWITHINDEX {
98,20.000000,-40.000000,4.000000,0.760534,-0.676969,0.066362,0.000000,0.200000,0.754571;
}
APWITHINDEX {
99,-20.000000,-40.000000,8.000000,3.454804,1.570000,0.000126,0.000000,0.102517,-0.337440;
}
APWITHINDEX {
100,-16.000000,-40.000000,8.000000,2.162209,0.290219,0.001000,0.000000,0.062057,-0.116511;
}
APWITHINDEX {
101,-12.000000,-40.000000,8.000000,1.923701,0.068200,0.003694,0.000000,0.116386,-0.029122;
}
APWITHINDEX {
102,-8.000000,-40.000000,8.000000,1.627773,-0.175543,0.000067,0.000000,0.073301,0.106665;
}
APWITHINDEX {
103,-4.000000,-40.000000,8.000000,1.592847,-0.175742,0.004120,0.000000,0.097492,0.167245;
}
APWITHINDEX {
104,0.000000,-40.000000,8.000000,1.518726,-0.208670,0.005201,0.000000,0.120062,0.261088;
}
APWITHINDEX {
105,4.000000,-40.000000,8.000000,1.360346,-0.306594,0.029077,0.000000,0.200000,0.399091;
}
APWITHINDEX {
106,8.000000,-40.000000,8.000000,1.385119,-0.239494,0.042633,0.000000,0.200000,0.483120;
}
APWITHINDEX {
107,12.000000,-40.000000,8.000000,0.964285,-0.633681,0.044190,0.000000,0.200000,0.591233;
}
APWITHINDEX {
108,16.000000,-40.000000,8.000000,0.909380,-0.650909,0.054969,0.000000,0.200000,0.677974;
}
APWITHINDEX {
109,20.000000,-40.000000,8.000000,0.845021,-0.680532,0.064929,0.000000,0.200000,0.760438;
}
APWITHINDEX {
110,-20.000000,-50.000000,-8.000000,0.639533,-0.815290,0.000000,0.000000,-0.194109,-0.329497;
}
APWITHINDEX {
111,-16.000000,-50.000000,-8.000000,0.632296,-0.822375,0.000000,0.000000,-0.160060,-0.244152;
}
APWITHINDEX {
112,-12.000000,-50.000000,-8.000000,0.535459,-0.912421,0.000001,0.000000,-0.122181,-0.169218;
}
APWITHINDEX {
113,-8.000000,-50.000000,-8.000000,0.432356,-1.002775,0.000012,0.000000,-0.079034,-0.084266;
}
APWITHINDEX {
114,-4.000000,-50.000000,-8.000000,0.182857,-1.222770,0.000013,0.000000,-0.096167,-0.079901;
}
APWITHINDEX {
115,0.000000,-50.000000,-8.000000,0.053843,-1.327892,0.000000,0.000000,-0.126057,-0.048240;
}
APWITHINDEX {
116,4.000000,-50.000000,-8.000000,-0.208037,-1.570000,0.000096,0.000000,-0.012742,0.121419;
}
APWITHINDEX {
117,8.000000,-50.000000,-8.000000,0.102205,-1.241877,0.001591,0.000000,0.035073,0.240891;
}
APWITHINDEX {
118,12.000000,-50.000000,-8.000000,-0.187438,-1.502023,0.000031,0.000000,0.068683,0.319510;
}
APWITHINDEX {
119,16.000000,-50.000000,-8.000000,-0.282791,-1.570000,0.001062,0.000000,0.148417,0.456693;
}
APWITHINDEX {
120,20.000000,-50.000000,-8.000000,0.836762,-0.370540,0.072942,0.000000,0.200000,0.545959;
}
APWITHINDEX {
121,-20.000000,-50.000000,-4.000000,0.985632,-0.559458,0.000051,0.000000,-0.178216,-0.259007;
}
APWITHINDEX {
122,-16.000000,-50.000000,-4.000000,0.893968,-0.644367,0.000058,0.000000,-0.149620,-0.199161;
}
APWITHINDEX {
123,-12.000000,-50.000000,-4.000000,0.787926,-0.739480,0.000068,0.000000,-0.117633,-0.133018;
}
APWITHINDEX {
124,-8.000000,-50.000000,-4.000000,0.659375,-0.851308,0.000080,0.000000,-0.080351,-0.058215;
}
APWITHINDEX {
125,-4.000000,-50.000000,-4.000000,0.494160,-1.000115,0.000064,0.000000,-0.054686,0.009145;
}
APWITHINDEX {
126,0.000000,-50.000000,-4.000000,0.227051,-1.236822,0.000021,0.000000,-0.102767,0.013455;
}
APWITHINDEX {
127,4.000000,-50.000000,-4.000000,0.288854,-1.150267,0.004106,0.000000,0.042967,0.217030;
}
APWITHINDEX {
128,8.000000,-50.000000,-4.000000,0.106166,-1.310002,0.004086,0.000000,0.094629,0.317099;
}
APWITHINDEX {
129,12.000000,-50.000000,-4.000000,-0.107418,-1.494720,0.003972,0.000000,0.152685,0.430070;
}
APWITHINDEX {
130,16.000000,-50.000000,-4.000000,0.853087,-0.472036,0.056402,0.000000,0.200000,0.521595;
}
APWITHINDEX {
131,20.000000,-50.000000,-4.000000,0.809807,-0.477248,0.065238,0.000000,0.200000,0.586304;
}
APWITHINDEX {
132,-20.000000,-50.000000,0.000000,1.148665,-0.470713,0.000067,0.000000,-0.195159,-0.216594;
}
APWITHINDEX {
133,-16.000000,-50.000000,0.000000,1.067061,-0.547251,0.000074,0.000000,-0.172110,-0.159758;
}
APWITHINDEX {
134,-12.000000,-50.000000,0.000000,0.968383,-0.637892,0.000082,0.000000,-0.142408,-0.097513;
}
APWITHINDEX {
135,-8.000000,-50.000000,0.000000,0.851359,-0.740677,0.000092,0.000000,-0.108465,-0.029199;
}
APWITHINDEX {
136,-4.000000,-50.000000,0.000000,0.713961,-0.861169,0.000107,0.000000,-0.068272,0.047014;
}
APWITHINDEX {
137,0.000000,-50.000000,0.000000,0.379595,-1.158636,0.004998,0.000000,0.051994,0.183713;
}
APWITHINDEX {
138,4.000000,-50.000000,0.000000,0.997488,-0.507974,0.024372,0.000000,0.177790,0.331171;
}
APWITHINDEX {
139,8.000000,-50.000000,0.000000,0.941726,-0.515542,0.036659,0.000000,0.200000,0.418997;
}
APWITHINDEX {
140,12.000000,-50.000000,0.000000,3.015168,1.570000,0.084773,0.000000,0.200000,0.213542;
}
APWITHINDEX {
141,16.000000,-50.000000,0.000000,2.995432,1.570000,0.113816,0.000000,0.200000,0.277752;
}
APWITHINDEX {
142,20.000000,-50.000000,0.000000,0.807068,-0.561123,0.061867,0.000000,0.200000,0.630905;
}
APWITHINDEX {
143,-20.000000,-50.000000,4.000000,0.211954,-1.473672,0.000000,0.000000,-0.200000,-0.382649;
}
APWITHINDEX {
144,-16.000000,-50.000000,4.000000,1.191099,-0.496933,0.000050,0.000000,-0.195480,-0.126800;
}
APWITHINDEX {
145,-12.000000,-50.000000,4.000000,1.166695,-0.528273,0.000019,0.000000,-0.102507,-0.012833;
}
APWITHINDEX {
146,-8.000000,-50.000000,4.000000,1.355098,-0.324056,0.000000,0.000000,0.010596,0.098552;
}
APWITHINDEX {
147,-4.000000,-50.000000,4.000000,1.230952,-0.422563,0.004550,0.000000,0.041130,0.150562;
}
APWITHINDEX {
148,0.000000,-50.000000,4.000000,1.165734,-0.458628,0.005410,0.000000,0.066203,0.229406;
}
APWITHINDEX {
149,4.000000,-50.000000,4.000000,1.010801,-0.579089,0.018588,0.000000,0.125594,0.348665;
}
APWITHINDEX {
150,8.000000,-50.000000,4.000000,0.949562,-0.596084,0.030353,0.000000,0.193678,0.443463;
}
APWITHINDEX {
151,12.000000,-50.000000,4.000000,0.898015,-0.611053,0.040384,0.000000,0.200000,0.523938;
}
APWITHINDEX {
152,16.000000,-50.000000,4.000000,0.851686,-0.625573,0.049654,0.000000,0.200000,0.598623;
}
APWITHINDEX {
153,20.000000,-50.000000,4.000000,0.808887,-0.637864,0.057852,0.000000,0.200000,0.665262;
}
APWITHINDEX {
154,-20.000000,-50.000000,8.000000,1.482196,-0.314774,0.000009,0.000000,-0.121511,-0.091635;
}
APWITHINDEX {
155,-16.000000,-50.000000,8.000000,1.537135,-0.257666,0.000020,0.000000,-0.043533,-0.013719;
}
APWITHINDEX {
156,-12.000000,-50.000000,8.000000,1.517375,-0.259566,0.000036,0.000000,0.014608,0.056206;
}
APWITHINDEX {
157,-8.000000,-50.000000,8.000000,1.497553,-0.245196,0.003134,0.000000,0.054271,0.119182;
}
APWITHINDEX {
158,-4.000000,-50.000000,8.000000,1.464140,-0.258798,0.004471,0.000000,0.076787,0.179110;
}
APWITHINDEX {
159,0.000000,-50.000000,8.000000,1.407155,-0.283496,0.005282,0.000000,0.098873,0.255075;
}
APWITHINDEX {
160,4.000000,-50.000000,8.000000,1.080893,-0.577628,0.020316,0.000000,0.140910,0.379519;
}
APWITHINDEX {
161,8.000000,-50.000000,8.000000,0.977077,-0.640430,0.027803,0.000000,0.179996,0.449750;
}
APWITHINDEX {
162,12.000000,-50.000000,8.000000,0.928607,-0.649141,0.038295,0.000000,0.200000,0.532558;
}
APWITHINDEX {
163,16.000000,-50.000000,8.000000,0.877458,-0.669992,0.046349,0.000000,0.200000,0.605746;
}
APWITHINDEX {
164,20.000000,-50.000000,8.000000,0.840990,-0.668434,0.054449,0.000000,0.200000,0.675566;
}
