LOCKONSYSTEMINFO {
filename="ktrobofcs5.txt";
pointnum=840;
dmin=70.000000;
dmax=150.000000;
mintate=10.000000;
maxtate=10.000000;
minyoko=30.000000;
maxyoko=30.000000;
dtate=3.000000;
dyoko=3.000000;
dd=20.000000;
}
APWITHINDEX {
0,-30.000000,-70.000000,-10.000000,-0.093017,-1.570000,0.000000,0.000000,-0.196354,-0.504456;
}
APWITHINDEX {
1,-27.000000,-70.000000,-10.000000,0.766273,-0.695470,0.000001,0.000000,-0.189151,-0.294098;
}
APWITHINDEX {
2,-24.000000,-70.000000,-10.000000,0.719459,-0.744031,0.000002,0.000000,-0.171817,-0.256881;
}
APWITHINDEX {
3,-21.000000,-70.000000,-10.000000,0.630749,-0.825320,0.000003,0.000000,-0.163155,-0.234028;
}
APWITHINDEX {
4,-18.000000,-70.000000,-10.000000,0.556455,-0.900472,0.000005,0.000000,-0.144953,-0.197998;
}
APWITHINDEX {
5,-15.000000,-70.000000,-10.000000,0.503844,-0.951269,0.000008,0.000000,-0.123051,-0.154888;
}
APWITHINDEX {
6,-12.000000,-70.000000,-10.000000,0.453247,-0.994670,0.000011,0.000000,-0.100036,-0.108193;
}
APWITHINDEX {
7,-9.000000,-70.000000,-10.000000,0.425401,-1.011481,0.000009,0.000000,-0.085827,-0.077437;
}
APWITHINDEX {
8,-6.000000,-70.000000,-10.000000,0.301043,-1.124814,0.000014,0.000000,-0.077558,-0.049692;
}
APWITHINDEX {
9,-3.000000,-70.000000,-10.000000,0.141748,-1.268677,0.000011,0.000000,-0.106203,-0.054552;
}
APWITHINDEX {
10,0.000000,-70.000000,-10.000000,0.081050,-1.316011,0.000001,0.000000,-0.122552,-0.036595;
}
APWITHINDEX {
11,3.000000,-70.000000,-10.000000,-0.194240,-1.570000,0.000001,0.000000,-0.198977,-0.088928;
}
APWITHINDEX {
12,6.000000,-70.000000,-10.000000,0.229847,-1.147642,0.002085,0.000000,0.200000,0.321529;
}
APWITHINDEX {
13,9.000000,-70.000000,-10.000000,-0.005286,-1.369778,0.000226,0.000000,0.068650,0.257574;
}
APWITHINDEX {
14,12.000000,-70.000000,-10.000000,-0.026215,-1.379103,0.000127,0.000000,0.071473,0.281757;
}
APWITHINDEX {
15,15.000000,-70.000000,-10.000000,-0.169367,-1.509403,0.000127,0.000000,0.094912,0.332277;
}
APWITHINDEX {
16,18.000000,-70.000000,-10.000000,-0.243803,-1.570000,0.000267,0.000000,0.161942,0.428870;
}
APWITHINDEX {
17,21.000000,-70.000000,-10.000000,-0.251518,-1.570000,0.001233,0.000000,0.200000,0.507440;
}
APWITHINDEX {
18,24.000000,-70.000000,-10.000000,-0.265458,-1.570000,0.002770,0.000000,0.200000,0.542971;
}
APWITHINDEX {
19,27.000000,-70.000000,-10.000000,0.822263,-0.407435,0.063338,0.000000,0.200000,0.548680;
}
APWITHINDEX {
20,30.000000,-70.000000,-10.000000,0.802562,-0.405300,0.067183,0.000000,0.200000,0.581648;
}
APWITHINDEX {
21,-30.000000,-70.000000,-7.000000,1.060285,-0.464245,0.000109,0.000000,-0.185955,-0.269509;
}
APWITHINDEX {
22,-27.000000,-70.000000,-7.000000,1.022287,-0.499205,0.000125,0.000000,-0.170999,-0.238249;
}
APWITHINDEX {
23,-24.000000,-70.000000,-7.000000,0.970480,-0.546867,0.000118,0.000000,-0.157210,-0.208287;
}
APWITHINDEX {
24,-21.000000,-70.000000,-7.000000,0.912066,-0.600281,0.000103,0.000000,-0.144668,-0.178048;
}
APWITHINDEX {
25,-18.000000,-70.000000,-7.000000,0.863151,-0.645603,0.000122,0.000000,-0.121507,-0.139961;
}
APWITHINDEX {
26,-15.000000,-70.000000,-7.000000,0.808005,-0.695648,0.000156,0.000000,-0.092653,-0.097719;
}
APWITHINDEX {
27,-12.000000,-70.000000,-7.000000,0.753948,-0.744688,0.000247,0.000000,-0.044635,-0.043183;
}
APWITHINDEX {
28,-9.000000,-70.000000,-7.000000,0.572951,-0.918167,0.000614,0.000000,0.119067,0.091495;
}
APWITHINDEX {
29,-6.000000,-70.000000,-7.000000,0.506521,-0.973692,0.000299,0.000000,0.038688,0.063130;
}
APWITHINDEX {
30,-3.000000,-70.000000,-7.000000,0.316043,-1.144232,0.000078,0.000000,-0.050561,0.022791;
}
APWITHINDEX {
31,0.000000,-70.000000,-7.000000,0.176682,-1.266404,0.000038,0.000000,-0.091643,0.012704;
}
APWITHINDEX {
32,3.000000,-70.000000,-7.000000,-0.138423,-1.570000,0.000095,0.000000,0.032698,0.149494;
}
APWITHINDEX {
33,6.000000,-70.000000,-7.000000,0.254963,-1.165953,0.003857,0.000000,0.081928,0.259113;
}
APWITHINDEX {
34,9.000000,-70.000000,-7.000000,0.199618,-1.207076,0.004025,0.000000,0.089094,0.285408;
}
APWITHINDEX {
35,12.000000,-70.000000,-7.000000,0.091700,-1.299663,0.003991,0.000000,0.115030,0.341414;
}
APWITHINDEX {
36,15.000000,-70.000000,-7.000000,-0.022852,-1.399426,0.003932,0.000000,0.143781,0.400601;
}
APWITHINDEX {
37,18.000000,-70.000000,-7.000000,-0.138314,-1.501534,0.003953,0.000000,0.175747,0.463077;
}
APWITHINDEX {
38,21.000000,-70.000000,-7.000000,0.870107,-0.430769,0.053330,0.000000,0.200000,0.501112;
}
APWITHINDEX {
39,24.000000,-70.000000,-7.000000,0.840583,-0.441516,0.058039,0.000000,0.200000,0.541148;
}
APWITHINDEX {
40,27.000000,-70.000000,-7.000000,0.817053,-0.447672,0.062650,0.000000,0.200000,0.578963;
}
APWITHINDEX {
41,30.000000,-70.000000,-7.000000,0.795707,-0.452619,0.067032,0.000000,0.200000,0.614625;
}
APWITHINDEX {
42,-30.000000,-70.000000,-4.000000,1.183440,-0.389037,0.000164,0.000000,-0.176603,-0.235678;
}
APWITHINDEX {
43,-27.000000,-70.000000,-4.000000,1.132226,-0.433127,0.000156,0.000000,-0.176352,-0.210633;
}
APWITHINDEX {
44,-24.000000,-70.000000,-4.000000,1.082696,-0.477349,0.000156,0.000000,-0.165920,-0.181850;
}
APWITHINDEX {
45,-21.000000,-70.000000,-4.000000,1.041598,-0.514945,0.000174,0.000000,-0.146448,-0.147219;
}
APWITHINDEX {
46,-18.000000,-70.000000,-4.000000,0.982754,-0.568344,0.000169,0.000000,-0.129546,-0.114475;
}
APWITHINDEX {
47,-15.000000,-70.000000,-4.000000,0.925669,-0.619861,0.000177,0.000000,-0.108297,-0.077620;
}
APWITHINDEX {
48,-12.000000,-70.000000,-4.000000,0.863935,-0.674626,0.000198,0.000000,-0.081368,-0.036513;
}
APWITHINDEX {
49,-9.000000,-70.000000,-4.000000,0.721255,-0.808969,0.000176,0.000000,-0.067628,-0.009082;
}
APWITHINDEX {
50,-6.000000,-70.000000,-4.000000,0.593958,-0.922756,0.000059,0.000000,-0.058607,0.020336;
}
APWITHINDEX {
51,-3.000000,-70.000000,-4.000000,0.452800,-1.049963,0.000000,0.000000,-0.073767,0.032861;
}
APWITHINDEX {
52,0.000000,-70.000000,-4.000000,0.291664,-1.194689,0.000000,0.000000,-0.101637,0.030192;
}
APWITHINDEX {
53,3.000000,-70.000000,-4.000000,0.320804,-1.151482,0.004360,0.000000,0.039703,0.199144;
}
APWITHINDEX {
54,6.000000,-70.000000,-4.000000,0.244251,-1.219238,0.004424,0.000000,0.063211,0.240970;
}
APWITHINDEX {
55,9.000000,-70.000000,-4.000000,0.133851,-1.314248,0.004409,0.000000,0.094174,0.300783;
}
APWITHINDEX {
56,12.000000,-70.000000,-4.000000,0.018328,-1.413623,0.004459,0.000000,0.131200,0.367422;
}
APWITHINDEX {
57,15.000000,-70.000000,-4.000000,-0.101044,-1.519812,0.004478,0.000000,0.165592,0.432387;
}
APWITHINDEX {
58,18.000000,-70.000000,-4.000000,-0.171529,-1.570000,0.005135,0.000000,0.200000,0.510421;
}
APWITHINDEX {
59,21.000000,-70.000000,-4.000000,0.861670,-0.485562,0.053962,0.000000,0.200000,0.515796;
}
APWITHINDEX {
60,24.000000,-70.000000,-4.000000,0.837525,-0.491035,0.056556,0.000000,0.200000,0.552122;
}
APWITHINDEX {
61,27.000000,-70.000000,-4.000000,0.814388,-0.496737,0.063593,0.000000,0.200000,0.590167;
}
APWITHINDEX {
62,30.000000,-70.000000,-4.000000,0.791193,-0.500667,0.068280,0.000000,0.200000,0.625468;
}
APWITHINDEX {
63,-30.000000,-70.000000,-1.000000,1.159832,-0.446393,0.000062,0.000000,-0.197131,-0.239552;
}
APWITHINDEX {
64,-27.000000,-70.000000,-1.000000,1.115725,-0.483543,0.000065,0.000000,-0.194077,-0.212822;
}
APWITHINDEX {
65,-24.000000,-70.000000,-1.000000,1.070730,-0.525877,0.000052,0.000000,-0.185060,-0.183821;
}
APWITHINDEX {
66,-21.000000,-70.000000,-1.000000,1.021575,-0.570128,0.000053,0.000000,-0.169598,-0.151820;
}
APWITHINDEX {
67,-18.000000,-70.000000,-1.000000,0.968518,-0.619925,0.000053,0.000000,-0.153540,-0.118549;
}
APWITHINDEX {
68,-15.000000,-70.000000,-1.000000,0.910103,-0.671427,0.000056,0.000000,-0.135856,-0.083178;
}
APWITHINDEX {
69,-12.000000,-70.000000,-1.000000,0.847458,-0.728429,0.000059,0.000000,-0.116986,-0.046087;
}
APWITHINDEX {
70,-9.000000,-70.000000,-1.000000,0.778647,-0.790093,0.000063,0.000000,-0.096521,-0.006774;
}
APWITHINDEX {
71,-6.000000,-70.000000,-1.000000,0.701945,-0.855872,0.000068,0.000000,-0.074336,0.035105;
}
APWITHINDEX {
72,-3.000000,-70.000000,-1.000000,0.619307,-0.928194,0.000076,0.000000,-0.049867,0.079964;
}
APWITHINDEX {
73,0.000000,-70.000000,-1.000000,0.370979,-1.157476,0.004885,0.000000,0.046049,0.182498;
}
APWITHINDEX {
74,3.000000,-70.000000,-1.000000,0.299258,-1.218899,0.004937,0.000000,0.067454,0.220789;
}
APWITHINDEX {
75,6.000000,-70.000000,-1.000000,0.180064,-1.320243,0.004964,0.000000,0.101678,0.284291;
}
APWITHINDEX {
76,9.000000,-70.000000,-1.000000,0.063714,-1.424276,0.004987,0.000000,0.135309,0.348075;
}
APWITHINDEX {
77,12.000000,-70.000000,-1.000000,-0.059038,-1.534134,0.005066,0.000000,0.183911,0.427134;
}
APWITHINDEX {
78,15.000000,-70.000000,-1.000000,0.908558,-0.511209,0.042952,0.000000,0.200000,0.461310;
}
APWITHINDEX {
79,18.000000,-70.000000,-1.000000,0.886235,-0.519874,0.047250,0.000000,0.200000,0.497800;
}
APWITHINDEX {
80,21.000000,-70.000000,-1.000000,0.873376,-0.512971,0.051565,0.000000,0.200000,0.527110;
}
APWITHINDEX {
81,24.000000,-70.000000,-1.000000,0.863926,-0.503794,0.056660,0.000000,0.200000,0.565006;
}
APWITHINDEX {
82,27.000000,-70.000000,-1.000000,0.844232,-0.504966,0.061636,0.000000,0.200000,0.602592;
}
APWITHINDEX {
83,30.000000,-70.000000,-1.000000,0.817349,-0.514161,0.066421,0.000000,0.200000,0.640234;
}
APWITHINDEX {
84,-30.000000,-70.000000,2.000000,1.147941,-0.502813,0.000000,0.000000,-0.200000,-0.226533;
}
APWITHINDEX {
85,-27.000000,-70.000000,2.000000,1.191989,-0.449966,0.000002,0.000000,-0.200000,-0.191030;
}
APWITHINDEX {
86,-24.000000,-70.000000,2.000000,1.142170,-0.492980,0.000009,0.000000,-0.200000,-0.165544;
}
APWITHINDEX {
87,-21.000000,-70.000000,2.000000,1.105088,-0.527440,0.000000,0.000000,-0.188288,-0.133082;
}
APWITHINDEX {
88,-18.000000,-70.000000,2.000000,1.060369,-0.568933,0.000057,0.000000,-0.164620,-0.096753;
}
APWITHINDEX {
89,-15.000000,-70.000000,2.000000,1.004338,-0.619858,0.000077,0.000000,-0.146047,-0.062036;
}
APWITHINDEX {
90,-12.000000,-70.000000,2.000000,0.943158,-0.675317,0.000083,0.000000,-0.128078,-0.026305;
}
APWITHINDEX {
91,-9.000000,-70.000000,2.000000,1.039436,-0.576823,0.000000,0.000000,-0.066554,0.068454;
}
APWITHINDEX {
92,-6.000000,-70.000000,2.000000,1.038054,-0.567876,0.000003,0.000000,-0.010221,0.126779;
}
APWITHINDEX {
93,-3.000000,-70.000000,2.000000,1.103539,-0.487740,0.004851,0.000000,0.032708,0.166782;
}
APWITHINDEX {
94,0.000000,-70.000000,2.000000,1.023298,-0.552384,0.005392,0.000000,0.040881,0.206666;
}
APWITHINDEX {
95,3.000000,-70.000000,2.000000,1.028794,-0.518430,0.017537,0.000000,0.133181,0.292133;
}
APWITHINDEX {
96,6.000000,-70.000000,2.000000,0.995808,-0.528427,0.023755,0.000000,0.169110,0.343424;
}
APWITHINDEX {
97,9.000000,-70.000000,2.000000,0.962893,-0.536365,0.030512,0.000000,0.199709,0.395386;
}
APWITHINDEX {
98,12.000000,-70.000000,2.000000,-0.004632,-1.417551,0.004518,0.000000,0.134897,0.372088;
}
APWITHINDEX {
99,15.000000,-70.000000,2.000000,0.910968,-0.548108,0.042220,0.000000,0.196164,0.479070;
}
APWITHINDEX {
100,18.000000,-70.000000,2.000000,0.884642,-0.555745,0.047176,0.000000,0.196522,0.519891;
}
APWITHINDEX {
101,21.000000,-70.000000,2.000000,0.858098,-0.565880,0.050918,0.000000,0.200000,0.559719;
}
APWITHINDEX {
102,24.000000,-70.000000,2.000000,0.835849,-0.573723,0.055210,0.000000,0.200000,0.595407;
}
APWITHINDEX {
103,27.000000,-70.000000,2.000000,0.812411,-0.580329,0.059815,0.000000,0.200000,0.632261;
}
APWITHINDEX {
104,30.000000,-70.000000,2.000000,0.790586,-0.587283,0.064389,0.000000,0.199527,0.668271;
}
APWITHINDEX {
105,-30.000000,-70.000000,5.000000,1.332664,-0.358286,0.000035,0.000000,-0.199708,-0.188171;
}
APWITHINDEX {
106,-27.000000,-70.000000,5.000000,1.275742,-0.409066,0.000015,0.000000,-0.200000,-0.165474;
}
APWITHINDEX {
107,-24.000000,-70.000000,5.000000,1.231645,-0.448028,0.000000,0.000000,-0.200000,-0.122655;
}
APWITHINDEX {
108,-21.000000,-70.000000,5.000000,1.328526,-0.365133,0.000000,0.000000,-0.116978,-0.051842;
}
APWITHINDEX {
109,-18.000000,-70.000000,5.000000,1.371967,-0.321683,0.000001,0.000000,-0.069147,-0.003606;
}
APWITHINDEX {
110,-15.000000,-70.000000,5.000000,1.389834,-0.294513,0.000001,0.000000,-0.029131,0.040223;
}
APWITHINDEX {
111,-12.000000,-70.000000,5.000000,1.395114,-0.283558,0.000002,0.000000,0.001146,0.076229;
}
APWITHINDEX {
112,-9.000000,-70.000000,5.000000,1.387407,-0.275270,0.000940,0.000000,0.024628,0.106410;
}
APWITHINDEX {
113,-6.000000,-70.000000,5.000000,1.332596,-0.311352,0.004029,0.000000,0.044841,0.145318;
}
APWITHINDEX {
114,-3.000000,-70.000000,5.000000,1.310128,-0.317280,0.004437,0.000000,0.051325,0.185624;
}
APWITHINDEX {
115,0.000000,-70.000000,5.000000,1.320028,-0.285526,0.005073,0.000000,0.085044,0.226993;
}
APWITHINDEX {
116,3.000000,-70.000000,5.000000,1.287018,-0.299402,0.005514,0.000000,0.100014,0.268509;
}
APWITHINDEX {
117,6.000000,-70.000000,5.000000,1.250911,-0.315836,0.005960,0.000000,0.114977,0.310481;
}
APWITHINDEX {
118,9.000000,-70.000000,5.000000,0.990385,-0.547483,0.021827,0.000000,0.200000,0.407938;
}
APWITHINDEX {
119,12.000000,-70.000000,5.000000,0.979534,-0.540529,0.027823,0.000000,0.200000,0.446836;
}
APWITHINDEX {
120,15.000000,-70.000000,5.000000,0.955229,-0.547680,0.032481,0.000000,0.200000,0.485677;
}
APWITHINDEX {
121,18.000000,-70.000000,5.000000,0.935085,-0.549126,0.036960,0.000000,0.200000,0.524752;
}
APWITHINDEX {
122,21.000000,-70.000000,5.000000,0.913811,-0.552317,0.041304,0.000000,0.200000,0.562841;
}
APWITHINDEX {
123,24.000000,-70.000000,5.000000,0.893539,-0.554574,0.045895,0.000000,0.200000,0.600036;
}
APWITHINDEX {
124,27.000000,-70.000000,5.000000,0.878475,-0.551284,0.050317,0.000000,0.200000,0.635898;
}
APWITHINDEX {
125,30.000000,-70.000000,5.000000,0.864757,-0.546454,0.054850,0.000000,0.200000,0.671195;
}
APWITHINDEX {
126,-30.000000,-70.000000,8.000000,1.376783,-0.360085,0.000009,0.000000,-0.196883,-0.156448;
}
APWITHINDEX {
127,-27.000000,-70.000000,8.000000,1.497747,-0.251446,0.000019,0.000000,-0.121592,-0.091744;
}
APWITHINDEX {
128,-24.000000,-70.000000,8.000000,1.534453,-0.213002,0.000022,0.000000,-0.085787,-0.050197;
}
APWITHINDEX {
129,-21.000000,-70.000000,8.000000,1.550165,-0.192639,0.000023,0.000000,-0.059321,-0.012114;
}
APWITHINDEX {
130,-18.000000,-70.000000,8.000000,1.555951,-0.177360,0.000025,0.000000,-0.032868,0.025027;
}
APWITHINDEX {
131,-15.000000,-70.000000,8.000000,1.555079,-0.168597,0.000025,0.000000,-0.006792,0.061742;
}
APWITHINDEX {
132,-12.000000,-70.000000,8.000000,1.545799,-0.163778,0.000028,0.000000,0.020094,0.098559;
}
APWITHINDEX {
133,-9.000000,-70.000000,8.000000,1.494320,-0.202891,0.000225,0.000000,0.033885,0.120004;
}
APWITHINDEX {
134,-6.000000,-70.000000,8.000000,1.504300,-0.175421,0.003971,0.000000,0.064263,0.157974;
}
APWITHINDEX {
135,-3.000000,-70.000000,8.000000,1.479698,-0.182899,0.004549,0.000000,0.078676,0.197213;
}
APWITHINDEX {
136,0.000000,-70.000000,8.000000,1.456508,-0.185892,0.004966,0.000000,0.094259,0.236764;
}
APWITHINDEX {
137,3.000000,-70.000000,8.000000,1.421229,-0.202652,0.005394,0.000000,0.107622,0.277323;
}
APWITHINDEX {
138,6.000000,-70.000000,8.000000,1.381911,-0.220599,0.005838,0.000000,0.121773,0.318364;
}
APWITHINDEX {
139,9.000000,-70.000000,8.000000,1.153156,-0.424469,0.024658,0.000000,0.181233,0.404343;
}
APWITHINDEX {
140,12.000000,-70.000000,8.000000,1.114964,-0.436170,0.027655,0.000000,0.200000,0.434439;
}
APWITHINDEX {
141,15.000000,-70.000000,8.000000,1.058013,-0.473144,0.032313,0.000000,0.200000,0.479174;
}
APWITHINDEX {
142,18.000000,-70.000000,8.000000,1.023160,-0.488627,0.036583,0.000000,0.200000,0.520617;
}
APWITHINDEX {
143,21.000000,-70.000000,8.000000,0.984943,-0.508002,0.040412,0.000000,0.200000,0.561664;
}
APWITHINDEX {
144,24.000000,-70.000000,8.000000,0.955915,-0.518515,0.043759,0.000000,0.200000,0.600548;
}
APWITHINDEX {
145,27.000000,-70.000000,8.000000,0.934575,-0.518852,0.046491,0.000000,0.200000,0.637733;
}
APWITHINDEX {
146,30.000000,-70.000000,8.000000,0.919396,-0.516393,0.048946,0.000000,0.200000,0.671956;
}
APWITHINDEX {
147,-30.000000,-70.000000,10.000000,1.533858,-0.238288,0.000016,0.000000,-0.172356,-0.115757;
}
APWITHINDEX {
148,-27.000000,-70.000000,10.000000,1.632565,-0.148471,0.000024,0.000000,-0.097833,-0.067351;
}
APWITHINDEX {
149,-24.000000,-70.000000,10.000000,1.649450,-0.127825,0.000025,0.000000,-0.073117,-0.031406;
}
APWITHINDEX {
150,-21.000000,-70.000000,10.000000,1.657108,-0.111774,0.000026,0.000000,-0.048418,0.003710;
}
APWITHINDEX {
151,-18.000000,-70.000000,10.000000,1.658505,-0.101824,0.000026,0.000000,-0.024015,0.038450;
}
APWITHINDEX {
152,-15.000000,-70.000000,10.000000,1.653271,-0.096464,0.000026,0.000000,0.000472,0.073032;
}
APWITHINDEX {
153,-12.000000,-70.000000,10.000000,1.630679,-0.106270,0.000023,0.000000,0.024973,0.108230;
}
APWITHINDEX {
154,-9.000000,-70.000000,10.000000,1.547241,-0.177679,0.000337,0.000000,0.036495,0.130201;
}
APWITHINDEX {
155,-6.000000,-70.000000,10.000000,1.568142,-0.136140,0.003598,0.000000,0.066942,0.166153;
}
APWITHINDEX {
156,-3.000000,-70.000000,10.000000,1.579655,-0.106884,0.004435,0.000000,0.087034,0.202367;
}
APWITHINDEX {
157,0.000000,-70.000000,10.000000,1.545142,-0.121340,0.004842,0.000000,0.100378,0.241769;
}
APWITHINDEX {
158,3.000000,-70.000000,10.000000,1.508297,-0.139109,0.005303,0.000000,0.113392,0.281782;
}
APWITHINDEX {
159,6.000000,-70.000000,10.000000,1.468104,-0.159215,0.005746,0.000000,0.126454,0.322451;
}
APWITHINDEX {
160,9.000000,-70.000000,10.000000,1.280751,-0.322762,0.025558,0.000000,0.175579,0.400429;
}
APWITHINDEX {
161,12.000000,-70.000000,10.000000,1.177919,-0.400202,0.029338,0.000000,0.200000,0.438731;
}
APWITHINDEX {
162,15.000000,-70.000000,10.000000,1.150156,-0.405636,0.033939,0.000000,0.200000,0.479241;
}
APWITHINDEX {
163,18.000000,-70.000000,10.000000,1.133413,-0.403771,0.038410,0.000000,0.200000,0.518222;
}
APWITHINDEX {
164,21.000000,-70.000000,10.000000,1.084569,-0.433533,0.042831,0.000000,0.200000,0.560909;
}
APWITHINDEX {
165,24.000000,-70.000000,10.000000,1.052774,-0.447697,0.046900,0.000000,0.200000,0.600211;
}
APWITHINDEX {
166,27.000000,-70.000000,10.000000,1.008666,-0.473146,0.050675,0.000000,0.200000,0.640518;
}
APWITHINDEX {
167,30.000000,-70.000000,10.000000,0.973642,-0.490957,0.054010,0.000000,0.200000,0.677997;
}
APWITHINDEX {
168,-30.000000,-90.000000,-10.000000,0.635783,-0.843592,0.000000,0.000000,-0.198180,-0.289871;
}
APWITHINDEX {
169,-27.000000,-90.000000,-10.000000,0.681540,-0.804930,0.000000,0.000000,-0.184254,-0.232720;
}
APWITHINDEX {
170,-24.000000,-90.000000,-10.000000,0.644598,-0.836629,0.000000,0.000000,-0.169187,-0.202254;
}
APWITHINDEX {
171,-21.000000,-90.000000,-10.000000,0.607257,-0.873029,0.000001,0.000000,-0.152454,-0.169539;
}
APWITHINDEX {
172,-18.000000,-90.000000,-10.000000,0.565922,-0.912015,0.000003,0.000000,-0.135108,-0.136055;
}
APWITHINDEX {
173,-15.000000,-90.000000,-10.000000,0.519365,-0.954814,0.000005,0.000000,-0.117516,-0.101997;
}
APWITHINDEX {
174,-12.000000,-90.000000,-10.000000,0.470522,-0.996939,0.000007,0.000000,-0.099167,-0.066122;
}
APWITHINDEX {
175,-9.000000,-90.000000,-10.000000,0.449803,-1.011193,0.000007,0.000000,-0.087093,-0.042275;
}
APWITHINDEX {
176,-6.000000,-90.000000,-10.000000,0.365186,-1.088861,0.000011,0.000000,-0.073756,-0.012888;
}
APWITHINDEX {
177,-3.000000,-90.000000,-10.000000,0.240326,-1.201216,0.000010,0.000000,-0.096111,-0.015696;
}
APWITHINDEX {
178,0.000000,-90.000000,-10.000000,0.132910,-1.296512,0.000007,0.000000,-0.115716,-0.015494;
}
APWITHINDEX {
179,3.000000,-90.000000,-10.000000,0.090694,-1.335111,0.000001,0.000000,-0.127589,0.008330;
}
APWITHINDEX {
180,6.000000,-90.000000,-10.000000,-0.157154,-1.570000,0.000062,0.000000,-0.010890,0.123054;
}
APWITHINDEX {
181,9.000000,-90.000000,-10.000000,-0.001087,-1.406954,0.000039,0.000000,0.022125,0.198465;
}
APWITHINDEX {
182,12.000000,-90.000000,-10.000000,-0.018274,-1.410249,0.000023,0.000000,0.043670,0.236796;
}
APWITHINDEX {
183,15.000000,-90.000000,-10.000000,-0.122654,-1.506150,0.000041,0.000000,0.062064,0.274780;
}
APWITHINDEX {
184,18.000000,-90.000000,-10.000000,-0.193856,-1.568496,0.000052,0.000000,0.089053,0.325029;
}
APWITHINDEX {
185,21.000000,-90.000000,-10.000000,-0.206546,-1.570000,0.000858,0.000000,0.133016,0.396187;
}
APWITHINDEX {
186,24.000000,-90.000000,-10.000000,-0.218617,-1.570000,0.002963,0.000000,0.172668,0.463593;
}
APWITHINDEX {
187,27.000000,-90.000000,-10.000000,-0.230281,-1.570000,0.005810,0.000000,0.200000,0.531097;
}
APWITHINDEX {
188,30.000000,-90.000000,-10.000000,0.894089,-0.379081,0.055673,0.000000,0.200000,0.516018;
}
APWITHINDEX {
189,-30.000000,-90.000000,-7.000000,0.912435,-0.623156,0.000056,0.000000,-0.146091,-0.192316;
}
APWITHINDEX {
190,-27.000000,-90.000000,-7.000000,0.875644,-0.655319,0.000059,0.000000,-0.138333,-0.166769;
}
APWITHINDEX {
191,-24.000000,-90.000000,-7.000000,0.835139,-0.690431,0.000062,0.000000,-0.127635,-0.140112;
}
APWITHINDEX {
192,-21.000000,-90.000000,-7.000000,0.792570,-0.726817,0.000064,0.000000,-0.115658,-0.112721;
}
APWITHINDEX {
193,-18.000000,-90.000000,-7.000000,0.721154,-0.799115,0.000057,0.000000,-0.100445,-0.084356;
}
APWITHINDEX {
194,-15.000000,-90.000000,-7.000000,0.674028,-0.834142,0.000059,0.000000,-0.088829,-0.057470;
}
APWITHINDEX {
195,-12.000000,-90.000000,-7.000000,0.553418,-0.945131,0.000029,0.000000,-0.082064,-0.042886;
}
APWITHINDEX {
196,-9.000000,-90.000000,-7.000000,0.576177,-0.922255,0.000064,0.000000,-0.059736,0.000002;
}
APWITHINDEX {
197,-6.000000,-90.000000,-7.000000,0.490693,-0.998799,0.000042,0.000000,-0.055167,0.023998;
}
APWITHINDEX {
198,-3.000000,-90.000000,-7.000000,0.361499,-1.116025,0.000012,0.000000,-0.079175,0.021850;
}
APWITHINDEX {
199,0.000000,-90.000000,-7.000000,0.238275,-1.227057,0.000012,0.000000,-0.101333,0.019076;
}
APWITHINDEX {
200,3.000000,-90.000000,-7.000000,-0.115701,-1.570000,0.000055,0.000000,-0.006507,0.109122;
}
APWITHINDEX {
201,6.000000,-90.000000,-7.000000,0.277837,-1.168274,0.004058,0.000000,0.049886,0.219301;
}
APWITHINDEX {
202,9.000000,-90.000000,-7.000000,0.226326,-1.211218,0.004271,0.000000,0.067323,0.252064;
}
APWITHINDEX {
203,12.000000,-90.000000,-7.000000,0.139151,-1.286645,0.004223,0.000000,0.091036,0.298070;
}
APWITHINDEX {
204,15.000000,-90.000000,-7.000000,0.051603,-1.362633,0.004257,0.000000,0.116395,0.346667;
}
APWITHINDEX {
205,18.000000,-90.000000,-7.000000,-0.038854,-1.442343,0.004297,0.000000,0.142937,0.396862;
}
APWITHINDEX {
206,21.000000,-90.000000,-7.000000,-0.132381,-1.526526,0.004331,0.000000,0.170649,0.448339;
}
APWITHINDEX {
207,24.000000,-90.000000,-7.000000,0.916873,-0.417394,0.047800,0.000000,0.200000,0.472155;
}
APWITHINDEX {
208,27.000000,-90.000000,-7.000000,0.904720,-0.414382,0.050724,0.000000,0.200000,0.501670;
}
APWITHINDEX {
209,30.000000,-90.000000,-7.000000,0.889764,-0.414239,0.054404,0.000000,0.200000,0.531929;
}
APWITHINDEX {
210,-30.000000,-90.000000,-4.000000,1.078270,-0.486240,0.000075,0.000000,-0.182332,-0.176135;
}
APWITHINDEX {
211,-27.000000,-90.000000,-4.000000,1.044024,-0.518768,0.000076,0.000000,-0.168559,-0.150368;
}
APWITHINDEX {
212,-24.000000,-90.000000,-4.000000,0.928505,-0.634585,0.000075,0.000000,-0.112968,-0.123671;
}
APWITHINDEX {
213,-21.000000,-90.000000,-4.000000,0.879797,-0.672193,0.000071,0.000000,-0.122180,-0.103606;
}
APWITHINDEX {
214,-18.000000,-90.000000,-4.000000,0.833512,-0.713910,0.000072,0.000000,-0.111244,-0.076570;
}
APWITHINDEX {
215,-15.000000,-90.000000,-4.000000,0.769524,-0.774051,0.000075,0.000000,-0.092550,-0.047309;
}
APWITHINDEX {
216,-12.000000,-90.000000,-4.000000,0.720715,-0.816188,0.000076,0.000000,-0.080089,-0.016396;
}
APWITHINDEX {
217,-9.000000,-90.000000,-4.000000,0.663555,-0.867126,0.000079,0.000000,-0.063908,0.016309;
}
APWITHINDEX {
218,-6.000000,-90.000000,-4.000000,0.601101,-0.921994,0.000082,0.000000,-0.046354,0.050938;
}
APWITHINDEX {
219,-3.000000,-90.000000,-4.000000,0.484792,-1.028186,0.000025,0.000000,-0.061173,0.058880;
}
APWITHINDEX {
220,0.000000,-90.000000,-4.000000,0.359173,-1.142356,0.000014,0.000000,-0.084543,0.056937;
}
APWITHINDEX {
221,3.000000,-90.000000,-4.000000,0.338281,-1.149582,0.004605,0.000000,0.050492,0.199152;
}
APWITHINDEX {
222,6.000000,-90.000000,-4.000000,0.267234,-1.213285,0.004676,0.000000,0.071232,0.236864;
}
APWITHINDEX {
223,9.000000,-90.000000,-4.000000,0.180422,-1.288400,0.004683,0.000000,0.095756,0.284177;
}
APWITHINDEX {
224,12.000000,-90.000000,-4.000000,0.089454,-1.367941,0.004690,0.000000,0.121662,0.333673;
}
APWITHINDEX {
225,15.000000,-90.000000,-4.000000,-0.004649,-1.451385,0.004705,0.000000,0.148876,0.384961;
}
APWITHINDEX {
226,18.000000,-90.000000,-4.000000,-0.101622,-1.537790,0.004738,0.000000,0.177137,0.437543;
}
APWITHINDEX {
227,21.000000,-90.000000,-4.000000,0.937035,-0.442327,0.043002,0.000000,0.200000,0.456442;
}
APWITHINDEX {
228,24.000000,-90.000000,-4.000000,0.917739,-0.448048,0.045876,0.000000,0.200000,0.486136;
}
APWITHINDEX {
229,27.000000,-90.000000,-4.000000,0.902947,-0.447620,0.049229,0.000000,0.200000,0.516582;
}
APWITHINDEX {
230,30.000000,-90.000000,-4.000000,0.889371,-0.446312,0.052721,0.000000,0.200000,0.546145;
}
APWITHINDEX {
231,-30.000000,-90.000000,-1.000000,1.154296,-0.442264,0.000082,0.000000,-0.192913,-0.156875;
}
APWITHINDEX {
232,-27.000000,-90.000000,-1.000000,1.119026,-0.475171,0.000083,0.000000,-0.180396,-0.132410;
}
APWITHINDEX {
233,-24.000000,-90.000000,-1.000000,1.082703,-0.507593,0.000083,0.000000,-0.166641,-0.106523;
}
APWITHINDEX {
234,-21.000000,-90.000000,-1.000000,1.010043,-0.576016,0.000051,0.000000,-0.163683,-0.090235;
}
APWITHINDEX {
235,-18.000000,-90.000000,-1.000000,0.935601,-0.665714,0.000470,0.000000,0.200000,0.074024;
}
APWITHINDEX {
236,-15.000000,-90.000000,-1.000000,0.857414,-0.717108,0.000078,0.000000,-0.103523,-0.031452;
}
APWITHINDEX {
237,-12.000000,-90.000000,-1.000000,0.799935,-0.769057,0.000073,0.000000,-0.099535,-0.007869;
}
APWITHINDEX {
238,-9.000000,-90.000000,-1.000000,-0.003596,-1.570000,0.000632,0.000000,0.181960,0.179449;
}
APWITHINDEX {
239,-6.000000,-90.000000,-1.000000,1.021614,-0.536884,0.000010,0.000000,-0.002200,0.131866;
}
APWITHINDEX {
240,-3.000000,-90.000000,-1.000000,1.012837,-0.529055,0.001612,0.000000,0.129008,0.198500;
}
APWITHINDEX {
241,0.000000,-90.000000,-1.000000,0.374401,-1.155519,0.004946,0.000000,0.045171,0.178966;
}
APWITHINDEX {
242,3.000000,-90.000000,-1.000000,1.061873,-0.449709,0.017578,0.000000,0.151718,0.263980;
}
APWITHINDEX {
243,6.000000,-90.000000,-1.000000,1.062693,-0.424647,0.022656,0.000000,0.173873,0.301642;
}
APWITHINDEX {
244,9.000000,-90.000000,-1.000000,0.976998,-0.490389,0.026791,0.000000,0.198588,0.348032;
}
APWITHINDEX {
245,12.000000,-90.000000,-1.000000,0.957923,-0.495443,0.030993,0.000000,0.200000,0.381183;
}
APWITHINDEX {
246,15.000000,-90.000000,-1.000000,0.937829,-0.500078,0.035139,0.000000,0.200000,0.414027;
}
APWITHINDEX {
247,18.000000,-90.000000,-1.000000,0.917098,-0.505428,0.039309,0.000000,0.200000,0.446593;
}
APWITHINDEX {
248,21.000000,-90.000000,-1.000000,0.896153,-0.511913,0.043429,0.000000,0.199910,0.478880;
}
APWITHINDEX {
249,24.000000,-90.000000,-1.000000,0.875577,-0.518849,0.047180,0.000000,0.200000,0.510569;
}
APWITHINDEX {
250,27.000000,-90.000000,-1.000000,0.850216,-0.529038,0.051091,0.000000,0.200000,0.542470;
}
APWITHINDEX {
251,30.000000,-90.000000,-1.000000,0.832079,-0.535434,0.054714,0.000000,0.199338,0.572116;
}
APWITHINDEX {
252,-30.000000,-90.000000,2.000000,0.869936,-0.748827,0.000008,0.000000,-0.200000,-0.211179;
}
APWITHINDEX {
253,-27.000000,-90.000000,2.000000,0.898117,-0.718684,0.000022,0.000000,-0.197365,-0.173237;
}
APWITHINDEX {
254,-24.000000,-90.000000,2.000000,1.002847,-0.618126,0.000000,0.000000,-0.200000,-0.124679;
}
APWITHINDEX {
255,-21.000000,-90.000000,2.000000,1.021480,-0.595748,0.000051,0.000000,-0.156093,-0.080307;
}
APWITHINDEX {
256,-18.000000,-90.000000,2.000000,1.094039,-0.526762,0.000041,0.000000,-0.106573,-0.007646;
}
APWITHINDEX {
257,-15.000000,-90.000000,2.000000,1.137898,-0.480710,0.000000,0.000000,-0.067202,0.039756;
}
APWITHINDEX {
258,-12.000000,-90.000000,2.000000,1.155335,-0.455153,0.000000,0.000000,-0.031522,0.080896;
}
APWITHINDEX {
259,-9.000000,-90.000000,2.000000,1.165690,-0.434557,0.000000,0.000000,0.001029,0.119485;
}
APWITHINDEX {
260,-6.000000,-90.000000,2.000000,1.170476,-0.423734,0.004058,0.000000,0.028639,0.152088;
}
APWITHINDEX {
261,-3.000000,-90.000000,2.000000,1.147360,-0.428106,0.004849,0.000000,0.038282,0.176481;
}
APWITHINDEX {
262,0.000000,-90.000000,2.000000,1.132345,-0.433364,0.005189,0.000000,0.053184,0.210392;
}
APWITHINDEX {
263,3.000000,-90.000000,2.000000,1.103072,-0.448252,0.005547,0.000000,0.063417,0.243319;
}
APWITHINDEX {
264,6.000000,-90.000000,2.000000,1.011844,-0.514190,0.018485,0.000000,0.139462,0.311838;
}
APWITHINDEX {
265,9.000000,-90.000000,2.000000,0.984165,-0.521024,0.023875,0.000000,0.171734,0.354165;
}
APWITHINDEX {
266,12.000000,-90.000000,2.000000,0.954247,-0.530940,0.029524,0.000000,0.200000,0.396237;
}
APWITHINDEX {
267,15.000000,-90.000000,2.000000,0.933235,-0.536770,0.033619,0.000000,0.200000,0.429119;
}
APWITHINDEX {
268,18.000000,-90.000000,2.000000,0.912184,-0.543196,0.037613,0.000000,0.200000,0.461563;
}
APWITHINDEX {
269,21.000000,-90.000000,2.000000,0.891285,-0.548381,0.041315,0.000000,0.200000,0.493512;
}
APWITHINDEX {
270,24.000000,-90.000000,2.000000,0.921422,-0.500594,0.043043,0.000000,0.200000,0.505261;
}
APWITHINDEX {
271,27.000000,-90.000000,2.000000,0.905239,-0.509510,0.046190,0.000000,0.200000,0.543806;
}
APWITHINDEX {
272,30.000000,-90.000000,2.000000,0.880450,-0.519290,0.050884,0.000000,0.200000,0.577956;
}
APWITHINDEX {
273,-30.000000,-90.000000,5.000000,1.071189,-0.583294,0.000000,0.000000,-0.200000,-0.158302;
}
APWITHINDEX {
274,-27.000000,-90.000000,5.000000,1.148787,-0.504143,0.000012,0.000000,-0.200000,-0.121516;
}
APWITHINDEX {
275,-24.000000,-90.000000,5.000000,1.176835,-0.486605,0.000021,0.000000,-0.140510,-0.058066;
}
APWITHINDEX {
276,-21.000000,-90.000000,5.000000,1.264289,-0.401826,0.000034,0.000000,-0.071778,-0.000237;
}
APWITHINDEX {
277,-18.000000,-90.000000,5.000000,1.286605,-0.374170,0.000039,0.000000,-0.037096,0.037668;
}
APWITHINDEX {
278,-15.000000,-90.000000,5.000000,1.293761,-0.358726,0.000044,0.000000,-0.009050,0.072419;
}
APWITHINDEX {
279,-12.000000,-90.000000,5.000000,1.291720,-0.350538,0.000048,0.000000,0.015672,0.106063;
}
APWITHINDEX {
280,-9.000000,-90.000000,5.000000,1.311648,-0.324114,0.000660,0.000000,0.038503,0.133797;
}
APWITHINDEX {
281,-6.000000,-90.000000,5.000000,1.276560,-0.340636,0.004164,0.000000,0.059837,0.160059;
}
APWITHINDEX {
282,-3.000000,-90.000000,5.000000,1.257098,-0.347224,0.004854,0.000000,0.072873,0.192570;
}
APWITHINDEX {
283,0.000000,-90.000000,5.000000,1.236119,-0.354564,0.005192,0.000000,0.079395,0.224667;
}
APWITHINDEX {
284,3.000000,-90.000000,5.000000,1.125872,-0.443159,0.019230,0.000000,0.147463,0.288439;
}
APWITHINDEX {
285,6.000000,-90.000000,5.000000,1.016478,-0.544546,0.018774,0.000000,0.134353,0.322731;
}
APWITHINDEX {
286,9.000000,-90.000000,5.000000,0.195795,-1.218753,0.004267,0.000000,0.068164,0.259630;
}
APWITHINDEX {
287,12.000000,-90.000000,5.000000,0.962072,-0.558394,0.029734,0.000000,0.199081,0.408264;
}
APWITHINDEX {
288,15.000000,-90.000000,5.000000,0.938538,-0.562821,0.034231,0.000000,0.200000,0.443170;
}
APWITHINDEX {
289,18.000000,-90.000000,5.000000,0.918241,-0.568332,0.038592,0.000000,0.199723,0.475723;
}
APWITHINDEX {
290,21.000000,-90.000000,5.000000,0.898089,-0.574323,0.042524,0.000000,0.199307,0.507436;
}
APWITHINDEX {
291,24.000000,-90.000000,5.000000,0.878107,-0.577200,0.046473,0.000000,0.200000,0.539412;
}
APWITHINDEX {
292,27.000000,-90.000000,5.000000,3.070270,1.570000,0.111699,0.000000,0.190241,0.290927;
}
APWITHINDEX {
293,30.000000,-90.000000,5.000000,0.846257,-0.589880,0.052381,0.000000,0.200000,0.589472;
}
APWITHINDEX {
294,-30.000000,-90.000000,8.000000,1.352847,-0.354109,0.000000,0.000000,-0.139283,-0.079426;
}
APWITHINDEX {
295,-27.000000,-90.000000,8.000000,1.393092,-0.315204,0.000000,0.000000,-0.102753,-0.039821;
}
APWITHINDEX {
296,-24.000000,-90.000000,8.000000,1.410100,-0.294926,0.000000,0.000000,-0.078734,-0.006073;
}
APWITHINDEX {
297,-21.000000,-90.000000,8.000000,1.420257,-0.279534,0.000000,0.000000,-0.055395,0.026423;
}
APWITHINDEX {
298,-18.000000,-90.000000,8.000000,1.424249,-0.268537,0.000000,0.000000,-0.032712,0.057940;
}
APWITHINDEX {
299,-15.000000,-90.000000,8.000000,1.422776,-0.261279,0.000000,0.000000,-0.010098,0.089187;
}
APWITHINDEX {
300,-12.000000,-90.000000,8.000000,1.416309,-0.257455,0.000000,0.000000,0.012526,0.120128;
}
APWITHINDEX {
301,-9.000000,-90.000000,8.000000,1.361795,-0.302699,0.000616,0.000000,0.027851,0.140592;
}
APWITHINDEX {
302,-6.000000,-90.000000,8.000000,1.389115,-0.258962,0.003028,0.000000,0.050364,0.170696;
}
APWITHINDEX {
303,-3.000000,-90.000000,8.000000,1.374587,-0.258336,0.004690,0.000000,0.066614,0.201722;
}
APWITHINDEX {
304,0.000000,-90.000000,8.000000,1.352543,-0.270145,0.005041,0.000000,0.077028,0.233546;
}
APWITHINDEX {
305,3.000000,-90.000000,8.000000,1.326717,-0.281032,0.005399,0.000000,0.088100,0.265457;
}
APWITHINDEX {
306,6.000000,-90.000000,8.000000,1.298705,-0.293529,0.005742,0.000000,0.098932,0.297756;
}
APWITHINDEX {
307,9.000000,-90.000000,8.000000,1.208585,-0.353338,0.023939,0.000000,0.172466,0.358258;
}
APWITHINDEX {
308,12.000000,-90.000000,8.000000,1.152106,-0.394245,0.027072,0.000000,0.194108,0.387794;
}
APWITHINDEX {
309,15.000000,-90.000000,8.000000,1.126956,-0.398549,0.030632,0.000000,0.200000,0.419245;
}
APWITHINDEX {
310,18.000000,-90.000000,8.000000,1.098451,-0.412222,0.034376,0.000000,0.200000,0.452652;
}
APWITHINDEX {
311,21.000000,-90.000000,8.000000,1.070756,-0.424495,0.037957,0.000000,0.200000,0.485511;
}
APWITHINDEX {
312,24.000000,-90.000000,8.000000,1.041200,-0.438398,0.041227,0.000000,0.200000,0.518367;
}
APWITHINDEX {
313,27.000000,-90.000000,8.000000,1.015586,-0.448459,0.044106,0.000000,0.200000,0.550193;
}
APWITHINDEX {
314,30.000000,-90.000000,8.000000,0.996505,-0.452443,0.046456,0.000000,0.200000,0.580152;
}
APWITHINDEX {
315,-30.000000,-90.000000,10.000000,1.467478,-0.266788,0.000000,0.000000,-0.112748,-0.054112;
}
APWITHINDEX {
316,-27.000000,-90.000000,10.000000,1.485826,-0.245892,0.000000,0.000000,-0.089803,-0.021702;
}
APWITHINDEX {
317,-24.000000,-90.000000,10.000000,1.497363,-0.229882,0.000000,0.000000,-0.067678,0.009469;
}
APWITHINDEX {
318,-21.000000,-90.000000,10.000000,1.503129,-0.217961,0.000000,0.000000,-0.045990,0.039770;
}
APWITHINDEX {
319,-18.000000,-90.000000,10.000000,1.500049,-0.212946,0.000000,0.000000,-0.024643,0.069496;
}
APWITHINDEX {
320,-15.000000,-90.000000,10.000000,1.495783,-0.207483,0.000000,0.000000,-0.003438,0.099125;
}
APWITHINDEX {
321,-12.000000,-90.000000,10.000000,1.487667,-0.204185,0.000000,0.000000,0.018312,0.129048;
}
APWITHINDEX {
322,-9.000000,-90.000000,10.000000,1.411156,-0.273239,0.000542,0.000000,0.033159,0.149066;
}
APWITHINDEX {
323,-6.000000,-90.000000,10.000000,1.428790,-0.241011,0.003075,0.000000,0.054180,0.177556;
}
APWITHINDEX {
324,-3.000000,-90.000000,10.000000,1.445551,-0.209283,0.004666,0.000000,0.073661,0.207611;
}
APWITHINDEX {
325,0.000000,-90.000000,10.000000,1.276647,-0.367601,0.005283,0.000000,0.064810,0.242304;
}
APWITHINDEX {
326,3.000000,-90.000000,10.000000,1.390330,-0.231761,0.005374,0.000000,0.109954,0.270599;
}
APWITHINDEX {
327,6.000000,-90.000000,10.000000,1.375103,-0.219923,0.025001,0.000000,0.173949,0.317789;
}
APWITHINDEX {
328,9.000000,-90.000000,10.000000,1.165210,-0.418558,0.025571,0.000000,0.169128,0.372018;
}
APWITHINDEX {
329,12.000000,-90.000000,10.000000,1.055408,-0.512863,0.029365,0.000000,0.188446,0.406675;
}
APWITHINDEX {
330,15.000000,-90.000000,10.000000,1.021374,-0.530662,0.033561,0.000000,0.196787,0.442956;
}
APWITHINDEX {
331,18.000000,-90.000000,10.000000,0.992479,-0.546031,0.037395,0.000000,0.196525,0.475984;
}
APWITHINDEX {
332,21.000000,-90.000000,10.000000,0.962775,-0.564656,0.041138,0.000000,0.195922,0.508664;
}
APWITHINDEX {
333,24.000000,-90.000000,10.000000,0.930005,-0.582501,0.044799,0.000000,0.195909,0.541317;
}
APWITHINDEX {
334,27.000000,-90.000000,10.000000,0.896687,-0.603758,0.048346,0.000000,0.196782,0.573794;
}
APWITHINDEX {
335,30.000000,-90.000000,10.000000,0.862201,-0.626315,0.051792,0.000000,0.196405,0.605477;
}
APWITHINDEX {
336,-30.000000,-110.000000,-10.000000,0.673009,-0.824078,0.000001,0.000000,-0.194492,-0.215200;
}
APWITHINDEX {
337,-27.000000,-110.000000,-10.000000,0.644645,-0.849742,0.000002,0.000000,-0.181483,-0.189065;
}
APWITHINDEX {
338,-24.000000,-110.000000,-10.000000,0.613934,-0.879550,0.000003,0.000000,-0.167842,-0.162430;
}
APWITHINDEX {
339,-21.000000,-110.000000,-10.000000,0.580031,-0.912027,0.000003,0.000000,-0.154070,-0.135642;
}
APWITHINDEX {
340,-18.000000,-110.000000,-10.000000,0.541098,-0.946234,0.000003,0.000000,-0.140396,-0.108406;
}
APWITHINDEX {
341,-15.000000,-110.000000,-10.000000,0.500261,-0.984619,0.000004,0.000000,-0.125905,-0.080513;
}
APWITHINDEX {
342,-12.000000,-110.000000,-10.000000,0.454167,-1.024671,0.000004,0.000000,-0.111417,-0.052020;
}
APWITHINDEX {
343,-9.000000,-110.000000,-10.000000,0.511227,-0.968631,0.000004,0.000000,-0.088304,-0.007449;
}
APWITHINDEX {
344,-6.000000,-110.000000,-10.000000,0.426762,-1.041461,0.000001,0.000000,-0.081592,0.006632;
}
APWITHINDEX {
345,-3.000000,-110.000000,-10.000000,0.289348,-1.170333,0.000005,0.000000,-0.091823,0.005428;
}
APWITHINDEX {
346,0.000000,-110.000000,-10.000000,0.197954,-1.251523,0.000007,0.000000,-0.104813,0.008145;
}
APWITHINDEX {
347,3.000000,-110.000000,-10.000000,0.188252,-1.260249,0.000000,0.000000,-0.114213,0.028281;
}
APWITHINDEX {
348,6.000000,-110.000000,-10.000000,-0.122482,-1.558331,0.000001,0.000000,0.068448,0.194208;
}
APWITHINDEX {
349,9.000000,-110.000000,-10.000000,0.067220,-1.361799,0.000196,0.000000,0.039540,0.206909;
}
APWITHINDEX {
350,12.000000,-110.000000,-10.000000,-0.037030,-1.455247,0.000001,0.000000,0.051977,0.234573;
}
APWITHINDEX {
351,15.000000,-110.000000,-10.000000,-0.107505,-1.520599,0.000002,0.000000,0.060466,0.253863;
}
APWITHINDEX {
352,18.000000,-110.000000,-10.000000,-0.165656,-1.570000,0.000008,0.000000,0.074200,0.287728;
}
APWITHINDEX {
353,21.000000,-110.000000,-10.000000,-0.173904,-1.570000,0.000208,0.000000,0.090686,0.327778;
}
APWITHINDEX {
354,24.000000,-110.000000,-10.000000,-0.179253,-1.570000,0.001113,0.000000,-0.008479,0.257899;
}
APWITHINDEX {
355,27.000000,-110.000000,-10.000000,-0.182364,-1.564040,0.002646,0.000000,-0.057140,0.236125;
}
APWITHINDEX {
356,30.000000,-110.000000,-10.000000,-0.196885,-1.570000,0.004380,0.000000,0.022371,0.335129;
}
APWITHINDEX {
357,-30.000000,-110.000000,-7.000000,0.812264,-0.720923,0.000003,0.000000,-0.167997,-0.167383;
}
APWITHINDEX {
358,-27.000000,-110.000000,-7.000000,0.781068,-0.749082,0.000008,0.000000,-0.155519,-0.142753;
}
APWITHINDEX {
359,-24.000000,-110.000000,-7.000000,0.747004,-0.779673,0.000013,0.000000,-0.142860,-0.117887;
}
APWITHINDEX {
360,-21.000000,-110.000000,-7.000000,0.710650,-0.814212,0.000017,0.000000,-0.129586,-0.092199;
}
APWITHINDEX {
361,-18.000000,-110.000000,-7.000000,0.670452,-0.849678,0.000021,0.000000,-0.116277,-0.066164;
}
APWITHINDEX {
362,-15.000000,-110.000000,-7.000000,0.627350,-0.889431,0.000025,0.000000,-0.102289,-0.039219;
}
APWITHINDEX {
363,-12.000000,-110.000000,-7.000000,0.584066,-0.923516,0.000028,0.000000,-0.089264,-0.013457;
}
APWITHINDEX {
364,-9.000000,-110.000000,-7.000000,0.550915,-0.952401,0.000030,0.000000,-0.079283,0.005713;
}
APWITHINDEX {
365,-6.000000,-110.000000,-7.000000,0.496484,-0.999570,0.000031,0.000000,-0.064585,0.034397;
}
APWITHINDEX {
366,-3.000000,-110.000000,-7.000000,0.386701,-1.102453,0.000000,0.000000,-0.091342,0.025830;
}
APWITHINDEX {
367,0.000000,-110.000000,-7.000000,0.298928,-1.179636,0.000007,0.000000,-0.094678,0.036994;
}
APWITHINDEX {
368,3.000000,-110.000000,-7.000000,0.096621,-1.376475,0.000000,0.000000,0.014327,0.143143;
}
APWITHINDEX {
369,6.000000,-110.000000,-7.000000,0.290428,-1.175066,0.004642,0.000000,0.060500,0.213266;
}
APWITHINDEX {
370,9.000000,-110.000000,-7.000000,0.201555,-1.254885,0.004034,0.000000,0.071123,0.243761;
}
APWITHINDEX {
371,12.000000,-110.000000,-7.000000,0.086338,-1.360677,0.002466,0.000000,0.081585,0.270081;
}
APWITHINDEX {
372,15.000000,-110.000000,-7.000000,0.023280,-1.414978,0.002722,0.000000,0.104702,0.312755;
}
APWITHINDEX {
373,18.000000,-110.000000,-7.000000,-0.034546,-1.464853,0.003132,0.000000,0.128715,0.356980;
}
APWITHINDEX {
374,21.000000,-110.000000,-7.000000,-0.087896,-1.509372,0.003690,0.000000,0.153369,0.402439;
}
APWITHINDEX {
375,24.000000,-110.000000,-7.000000,-0.134220,-1.547350,0.004422,0.000000,0.180124,0.450416;
}
APWITHINDEX {
376,27.000000,-110.000000,-7.000000,0.912799,-0.438750,0.047935,0.000000,0.200000,0.462981;
}
APWITHINDEX {
377,30.000000,-110.000000,-7.000000,0.874156,-0.469259,0.052119,0.000000,0.200000,0.490065;
}
APWITHINDEX {
378,-30.000000,-110.000000,-4.000000,0.950750,-0.614770,0.000074,0.000000,-0.150113,-0.137615;
}
APWITHINDEX {
379,-27.000000,-110.000000,-4.000000,0.914654,-0.646948,0.000075,0.000000,-0.139942,-0.115743;
}
APWITHINDEX {
380,-24.000000,-110.000000,-4.000000,0.878337,-0.679948,0.000085,0.000000,-0.127072,-0.091904;
}
APWITHINDEX {
381,-21.000000,-110.000000,-4.000000,0.840122,-0.714355,0.000096,0.000000,-0.113675,-0.067160;
}
APWITHINDEX {
382,-18.000000,-110.000000,-4.000000,0.797727,-0.751601,0.000098,0.000000,-0.101828,-0.042666;
}
APWITHINDEX {
383,-15.000000,-110.000000,-4.000000,0.752859,-0.790923,0.000099,0.000000,-0.089270,-0.017255;
}
APWITHINDEX {
384,-12.000000,-110.000000,-4.000000,0.706806,-0.832681,0.000103,0.000000,-0.075214,0.009564;
}
APWITHINDEX {
385,-9.000000,-110.000000,-4.000000,0.656991,-0.875888,0.000105,0.000000,-0.061161,0.036967;
}
APWITHINDEX {
386,-6.000000,-110.000000,-4.000000,0.605286,-0.920525,0.000126,0.000000,-0.042362,0.068217;
}
APWITHINDEX {
387,-3.000000,-110.000000,-4.000000,0.651136,-0.868879,0.000079,0.000000,-0.056269,0.091299;
}
APWITHINDEX {
388,0.000000,-110.000000,-4.000000,0.941519,-0.573950,0.005278,0.000000,0.030242,0.189511;
}
APWITHINDEX {
389,3.000000,-110.000000,-4.000000,0.324731,-1.176672,0.004397,0.000000,0.049402,0.188964;
}
APWITHINDEX {
390,6.000000,-110.000000,-4.000000,0.279830,-1.211115,0.004798,0.000000,0.068776,0.227996;
}
APWITHINDEX {
391,9.000000,-110.000000,-4.000000,0.208953,-1.273772,0.004805,0.000000,0.088352,0.266217;
}
APWITHINDEX {
392,12.000000,-110.000000,-4.000000,0.134506,-1.339272,0.004807,0.000000,0.107825,0.305051;
}
APWITHINDEX {
393,15.000000,-110.000000,-4.000000,0.057892,-1.406402,0.004820,0.000000,0.129674,0.346515;
}
APWITHINDEX {
394,18.000000,-110.000000,-4.000000,-0.021147,-1.477247,0.004854,0.000000,0.158764,0.395048;
}
APWITHINDEX {
395,21.000000,-110.000000,-4.000000,-0.101607,-1.549763,0.004897,0.000000,0.183194,0.439569;
}
APWITHINDEX {
396,24.000000,-110.000000,-4.000000,0.981503,-0.405468,0.045953,0.000000,0.200000,0.442494;
}
APWITHINDEX {
397,27.000000,-110.000000,-4.000000,-0.178365,-1.570000,0.005172,0.000000,0.200000,0.476257;
}
APWITHINDEX {
398,30.000000,-110.000000,-4.000000,-0.224567,-1.570000,0.005145,0.000000,0.200000,0.500867;
}
APWITHINDEX {
399,-30.000000,-110.000000,-1.000000,1.012380,-0.582253,0.000146,0.000000,-0.139744,-0.117648;
}
APWITHINDEX {
400,-27.000000,-110.000000,-1.000000,0.977834,-0.613398,0.000141,0.000000,-0.131357,-0.096188;
}
APWITHINDEX {
401,-24.000000,-110.000000,-1.000000,0.941045,-0.646122,0.000137,0.000000,-0.122375,-0.074006;
}
APWITHINDEX {
402,-21.000000,-110.000000,-1.000000,0.900148,-0.680041,0.000088,0.000000,-0.125235,-0.056772;
}
APWITHINDEX {
403,-18.000000,-110.000000,-1.000000,0.859214,-0.716779,0.000090,0.000000,-0.113210,-0.032843;
}
APWITHINDEX {
404,-15.000000,-110.000000,-1.000000,0.815697,-0.755161,0.000086,0.000000,-0.101406,-0.008417;
}
APWITHINDEX {
405,-12.000000,-110.000000,-1.000000,0.769503,-0.796002,0.000085,0.000000,-0.088533,0.017144;
}
APWITHINDEX {
406,-9.000000,-110.000000,-1.000000,0.720606,-0.838750,0.000063,0.000000,-0.077644,0.042156;
}
APWITHINDEX {
407,-6.000000,-110.000000,-1.000000,0.669278,-0.883082,0.000052,0.000000,-0.064956,0.068787;
}
APWITHINDEX {
408,-3.000000,-110.000000,-1.000000,1.005337,-0.540478,0.004662,0.000000,0.026345,0.176665;
}
APWITHINDEX {
409,0.000000,-110.000000,-1.000000,0.996970,-0.539624,0.005242,0.000000,0.033754,0.193645;
}
APWITHINDEX {
410,3.000000,-110.000000,-1.000000,0.256067,-1.270686,0.003798,0.000000,0.065605,0.206310;
}
APWITHINDEX {
411,6.000000,-110.000000,-1.000000,1.013128,-0.480142,0.022415,0.000000,0.172307,0.295363;
}
APWITHINDEX {
412,9.000000,-110.000000,-1.000000,0.993044,-0.486686,0.026322,0.000000,0.194897,0.327402;
}
APWITHINDEX {
413,12.000000,-110.000000,-1.000000,0.974115,-0.489571,0.028182,0.000000,0.200000,0.356686;
}
APWITHINDEX {
414,15.000000,-110.000000,-1.000000,0.953341,-0.497739,0.031903,0.000000,0.199923,0.384297;
}
APWITHINDEX {
415,18.000000,-110.000000,-1.000000,0.937537,-0.501461,0.035246,0.000000,0.199469,0.410915;
}
APWITHINDEX {
416,21.000000,-110.000000,-1.000000,0.923636,-0.504386,0.038461,0.000000,0.200000,0.437298;
}
APWITHINDEX {
417,24.000000,-110.000000,-1.000000,0.912347,-0.503636,0.041505,0.000000,0.200000,0.462915;
}
APWITHINDEX {
418,27.000000,-110.000000,-1.000000,0.897380,-0.506713,0.044761,0.000000,0.200000,0.488883;
}
APWITHINDEX {
419,30.000000,-110.000000,-1.000000,0.875575,-0.516188,0.047949,0.000000,0.200000,0.515559;
}
APWITHINDEX {
420,-30.000000,-110.000000,2.000000,1.074140,-0.537753,0.000081,0.000000,-0.193417,-0.117119;
}
APWITHINDEX {
421,-27.000000,-110.000000,2.000000,1.034838,-0.573540,0.000063,0.000000,-0.195374,-0.102041;
}
APWITHINDEX {
422,-24.000000,-110.000000,2.000000,0.950899,-0.655728,0.000000,0.000000,-0.200000,-0.090793;
}
APWITHINDEX {
423,-21.000000,-110.000000,2.000000,0.957262,-0.649118,0.000066,0.000000,-0.137814,-0.046685;
}
APWITHINDEX {
424,-18.000000,-110.000000,2.000000,0.918138,-0.684104,0.000079,0.000000,-0.123605,-0.022133;
}
APWITHINDEX {
425,-15.000000,-110.000000,2.000000,0.867461,-0.730627,0.000079,0.000000,-0.105668,0.003305;
}
APWITHINDEX {
426,-12.000000,-110.000000,2.000000,1.110920,-0.489807,0.000016,0.000000,0.016908,0.107571;
}
APWITHINDEX {
427,-9.000000,-110.000000,2.000000,1.114390,-0.476834,0.000020,0.000000,0.041288,0.138656;
}
APWITHINDEX {
428,-6.000000,-110.000000,2.000000,1.112119,-0.469347,0.002497,0.000000,0.065831,0.163751;
}
APWITHINDEX {
429,-3.000000,-110.000000,2.000000,1.017888,-0.549751,0.004006,0.000000,0.037868,0.188492;
}
APWITHINDEX {
430,0.000000,-110.000000,2.000000,0.979179,-0.583049,0.005417,0.000000,0.036785,0.202916;
}
APWITHINDEX {
431,3.000000,-110.000000,2.000000,1.039899,-0.497855,0.017376,0.000000,0.138643,0.270506;
}
APWITHINDEX {
432,6.000000,-110.000000,2.000000,1.016257,-0.503743,0.020637,0.000000,0.155707,0.302197;
}
APWITHINDEX {
433,9.000000,-110.000000,2.000000,0.995510,-0.511074,0.024992,0.000000,0.181367,0.336715;
}
APWITHINDEX {
434,12.000000,-110.000000,2.000000,0.974263,-0.515236,0.029275,0.000000,0.200000,0.369561;
}
APWITHINDEX {
435,15.000000,-110.000000,2.000000,0.065726,-1.372173,0.004687,0.000000,0.121213,0.336581;
}
APWITHINDEX {
436,18.000000,-110.000000,2.000000,0.941625,-0.523153,0.036395,0.000000,0.200000,0.423364;
}
APWITHINDEX {
437,21.000000,-110.000000,2.000000,0.923808,-0.528414,0.039388,0.000000,0.200000,0.449957;
}
APWITHINDEX {
438,24.000000,-110.000000,2.000000,0.907253,-0.536832,0.042067,0.000000,0.200000,0.475627;
}
APWITHINDEX {
439,27.000000,-110.000000,2.000000,0.892451,-0.541980,0.044817,0.000000,0.200000,0.498600;
}
APWITHINDEX {
440,30.000000,-110.000000,2.000000,0.876003,-0.546309,0.048085,0.000000,0.200000,0.524541;
}
APWITHINDEX {
441,-30.000000,-110.000000,5.000000,1.106512,-0.533941,0.000053,0.000000,-0.184289,-0.103333;
}
APWITHINDEX {
442,-27.000000,-110.000000,5.000000,1.077176,-0.562735,0.000090,0.000000,-0.165370,-0.079110;
}
APWITHINDEX {
443,-24.000000,-110.000000,5.000000,1.067193,-0.572798,0.000002,0.000000,-0.142926,-0.038026;
}
APWITHINDEX {
444,-21.000000,-110.000000,5.000000,1.207783,-0.436734,0.000017,0.000000,-0.065666,0.029377;
}
APWITHINDEX {
445,-18.000000,-110.000000,5.000000,1.049471,-0.585998,0.000000,0.000000,-0.094822,0.026173;
}
APWITHINDEX {
446,-15.000000,-110.000000,5.000000,1.113463,-0.518248,0.000000,0.000000,-0.043919,0.075536;
}
APWITHINDEX {
447,-12.000000,-110.000000,5.000000,1.128525,-0.494740,0.000000,0.000000,-0.012283,0.110877;
}
APWITHINDEX {
448,-9.000000,-110.000000,5.000000,1.154080,-0.458599,0.000903,0.000000,0.014598,0.143996;
}
APWITHINDEX {
449,-6.000000,-110.000000,5.000000,1.107547,-0.496987,0.003988,0.000000,0.024869,0.160793;
}
APWITHINDEX {
450,-3.000000,-110.000000,5.000000,1.079427,-0.516027,0.005113,0.000000,0.035176,0.188374;
}
APWITHINDEX {
451,0.000000,-110.000000,5.000000,1.064209,-0.521720,0.005436,0.000000,0.049401,0.217550;
}
APWITHINDEX {
452,3.000000,-110.000000,5.000000,1.085096,-0.476235,0.018138,0.000000,0.142834,0.279455;
}
APWITHINDEX {
453,6.000000,-110.000000,5.000000,1.077830,-0.467516,0.020975,0.000000,0.155882,0.307943;
}
APWITHINDEX {
454,9.000000,-110.000000,5.000000,1.013118,-0.519685,0.023859,0.000000,0.173904,0.333683;
}
APWITHINDEX {
455,12.000000,-110.000000,5.000000,0.995232,-0.519087,0.028040,0.000000,0.197545,0.367560;
}
APWITHINDEX {
456,15.000000,-110.000000,5.000000,0.968462,-0.534260,0.031450,0.000000,0.200000,0.396363;
}
APWITHINDEX {
457,18.000000,-110.000000,5.000000,0.950944,-0.539493,0.034650,0.000000,0.200000,0.423163;
}
APWITHINDEX {
458,21.000000,-110.000000,5.000000,0.934062,-0.544983,0.037774,0.000000,0.200000,0.449909;
}
APWITHINDEX {
459,24.000000,-110.000000,5.000000,0.925005,-0.540901,0.040790,0.000000,0.200000,0.475061;
}
APWITHINDEX {
460,27.000000,-110.000000,5.000000,0.903310,-0.546832,0.044027,0.000000,0.200000,0.503035;
}
APWITHINDEX {
461,30.000000,-110.000000,5.000000,0.889414,-0.552436,0.046857,0.000000,0.200000,0.527550;
}
APWITHINDEX {
462,-30.000000,-110.000000,8.000000,1.271610,-0.412583,0.000055,0.000000,-0.106203,-0.038801;
}
APWITHINDEX {
463,-27.000000,-110.000000,8.000000,1.296160,-0.386438,0.000056,0.000000,-0.082212,-0.006768;
}
APWITHINDEX {
464,-24.000000,-110.000000,8.000000,1.309738,-0.368101,0.000062,0.000000,-0.060982,0.022886;
}
APWITHINDEX {
465,-21.000000,-110.000000,8.000000,1.317946,-0.353900,0.000067,0.000000,-0.040365,0.051363;
}
APWITHINDEX {
466,-18.000000,-110.000000,8.000000,1.322071,-0.343764,0.000068,0.000000,-0.020952,0.079053;
}
APWITHINDEX {
467,-15.000000,-110.000000,8.000000,1.321466,-0.336156,0.000073,0.000000,-0.000808,0.106404;
}
APWITHINDEX {
468,-12.000000,-110.000000,8.000000,1.317019,-0.331375,0.000078,0.000000,0.019326,0.133537;
}
APWITHINDEX {
469,-9.000000,-110.000000,8.000000,1.275625,-0.363938,0.000028,0.000000,0.029054,0.159112;
}
APWITHINDEX {
470,-6.000000,-110.000000,8.000000,1.238408,-0.390705,0.002426,0.000000,0.036339,0.175593;
}
APWITHINDEX {
471,-3.000000,-110.000000,8.000000,1.281808,-0.334880,0.004059,0.000000,0.073573,0.204752;
}
APWITHINDEX {
472,0.000000,-110.000000,8.000000,1.270053,-0.333347,0.005238,0.000000,0.090196,0.231834;
}
APWITHINDEX {
473,3.000000,-110.000000,8.000000,1.138687,-0.460223,0.005677,0.000000,0.066707,0.256867;
}
APWITHINDEX {
474,6.000000,-110.000000,8.000000,1.155561,-0.413366,0.022271,0.000000,0.162460,0.313611;
}
APWITHINDEX {
475,9.000000,-110.000000,8.000000,1.167270,-0.382229,0.024773,0.000000,0.176243,0.332646;
}
APWITHINDEX {
476,12.000000,-110.000000,8.000000,1.088033,-0.449675,0.028774,0.000000,0.200000,0.368241;
}
APWITHINDEX {
477,15.000000,-110.000000,8.000000,1.065815,-0.459391,0.032071,0.000000,0.200000,0.395881;
}
APWITHINDEX {
478,18.000000,-110.000000,8.000000,1.043582,-0.471232,0.035319,0.000000,0.200000,0.423392;
}
APWITHINDEX {
479,21.000000,-110.000000,8.000000,1.019160,-0.483540,0.038509,0.000000,0.200000,0.450863;
}
APWITHINDEX {
480,24.000000,-110.000000,8.000000,0.993292,-0.497491,0.041644,0.000000,0.200000,0.478311;
}
APWITHINDEX {
481,27.000000,-110.000000,8.000000,0.967239,-0.511795,0.044744,0.000000,0.200000,0.505586;
}
APWITHINDEX {
482,30.000000,-110.000000,8.000000,0.940469,-0.528829,0.047766,0.000000,0.200000,0.532645;
}
APWITHINDEX {
483,-30.000000,-110.000000,10.000000,1.197363,-0.497705,0.000000,0.000000,-0.140147,-0.055168;
}
APWITHINDEX {
484,-27.000000,-110.000000,10.000000,1.245405,-0.451494,0.000000,0.000000,-0.099923,-0.012829;
}
APWITHINDEX {
485,-24.000000,-110.000000,10.000000,1.258724,-0.434261,0.000000,0.000000,-0.078119,0.018621;
}
APWITHINDEX {
486,-21.000000,-110.000000,10.000000,1.266020,-0.421585,0.000000,0.000000,-0.057102,0.048693;
}
APWITHINDEX {
487,-18.000000,-110.000000,10.000000,1.269667,-0.413282,0.000000,0.000000,-0.036771,0.077913;
}
APWITHINDEX {
488,-15.000000,-110.000000,10.000000,1.268425,-0.406808,0.000000,0.000000,-0.016136,0.106884;
}
APWITHINDEX {
489,-12.000000,-110.000000,10.000000,1.263484,-0.402927,0.000000,0.000000,0.004458,0.135521;
}
APWITHINDEX {
490,-9.000000,-110.000000,10.000000,1.255599,-0.397871,0.000885,0.000000,0.024721,0.162788;
}
APWITHINDEX {
491,-6.000000,-110.000000,10.000000,1.246554,-0.399291,0.003102,0.000000,0.038240,0.181286;
}
APWITHINDEX {
492,-3.000000,-110.000000,10.000000,1.232265,-0.402682,0.005006,0.000000,0.053422,0.209410;
}
APWITHINDEX {
493,0.000000,-110.000000,10.000000,1.215471,-0.410197,0.005343,0.000000,0.061097,0.236131;
}
APWITHINDEX {
494,3.000000,-110.000000,10.000000,1.196561,-0.417652,0.005640,0.000000,0.071096,0.263404;
}
APWITHINDEX {
495,6.000000,-110.000000,10.000000,1.233709,-0.352080,0.022774,0.000000,0.161439,0.313034;
}
APWITHINDEX {
496,9.000000,-110.000000,10.000000,1.210933,-0.354224,0.025654,0.000000,0.179175,0.336954;
}
APWITHINDEX {
497,12.000000,-110.000000,10.000000,1.169300,-0.383857,0.028902,0.000000,0.197662,0.364567;
}
APWITHINDEX {
498,15.000000,-110.000000,10.000000,1.147019,-0.393786,0.032228,0.000000,0.197749,0.392278;
}
APWITHINDEX {
499,18.000000,-110.000000,10.000000,1.124452,-0.405853,0.035497,0.000000,0.197494,0.419810;
}
APWITHINDEX {
500,21.000000,-110.000000,10.000000,1.100102,-0.418294,0.038719,0.000000,0.197425,0.447397;
}
APWITHINDEX {
501,24.000000,-110.000000,10.000000,1.074304,-0.432468,0.041896,0.000000,0.198279,0.475143;
}
APWITHINDEX {
502,27.000000,-110.000000,10.000000,1.047103,-0.446534,0.045011,0.000000,0.198703,0.502612;
}
APWITHINDEX {
503,30.000000,-110.000000,10.000000,1.020056,-0.463750,0.048060,0.000000,0.199825,0.530013;
}
APWITHINDEX {
504,-30.000000,-130.000000,-10.000000,0.629322,-0.872598,0.000000,0.000000,-0.197766,-0.188204;
}
APWITHINDEX {
505,-27.000000,-130.000000,-10.000000,0.595555,-0.903402,0.000003,0.000000,-0.193789,-0.171856;
}
APWITHINDEX {
506,-24.000000,-130.000000,-10.000000,0.568517,-0.929040,0.000005,0.000000,-0.181787,-0.148556;
}
APWITHINDEX {
507,-21.000000,-130.000000,-10.000000,0.538072,-0.957363,0.000006,0.000000,-0.169873,-0.125411;
}
APWITHINDEX {
508,-18.000000,-130.000000,-10.000000,0.505237,-0.987657,0.000007,0.000000,-0.157691,-0.101819;
}
APWITHINDEX {
509,-15.000000,-130.000000,-10.000000,0.469646,-1.020197,0.000008,0.000000,-0.145312,-0.077915;
}
APWITHINDEX {
510,-12.000000,-130.000000,-10.000000,0.436935,-1.049757,0.000012,0.000000,-0.131270,-0.051626;
}
APWITHINDEX {
511,-9.000000,-130.000000,-10.000000,0.396908,-1.085920,0.000013,0.000000,-0.118123,-0.026522;
}
APWITHINDEX {
512,-6.000000,-130.000000,-10.000000,0.354516,-1.124071,0.000014,0.000000,-0.104581,-0.000812;
}
APWITHINDEX {
513,-3.000000,-130.000000,-10.000000,0.397246,-1.079202,0.000000,0.000000,-0.082489,0.042599;
}
APWITHINDEX {
514,0.000000,-130.000000,-10.000000,0.259395,-1.204699,0.000013,0.000000,-0.097683,0.026426;
}
APWITHINDEX {
515,3.000000,-130.000000,-10.000000,0.325753,-1.135007,0.000060,0.000000,-0.013797,0.124129;
}
APWITHINDEX {
516,6.000000,-130.000000,-10.000000,-0.090561,-1.542475,0.000000,0.000000,-0.008622,0.117647;
}
APWITHINDEX {
517,9.000000,-130.000000,-10.000000,0.081877,-1.367821,0.000431,0.000000,0.047173,0.198897;
}
APWITHINDEX {
518,12.000000,-130.000000,-10.000000,0.032892,-1.408703,0.000503,0.000000,0.076962,0.243169;
}
APWITHINDEX {
519,15.000000,-130.000000,-10.000000,-0.133082,-1.569829,0.000000,0.000000,0.067984,0.251515;
}
APWITHINDEX {
520,18.000000,-130.000000,-10.000000,-0.143899,-1.570000,0.000073,0.000000,0.095707,0.292112;
}
APWITHINDEX {
521,21.000000,-130.000000,-10.000000,-0.150348,-1.570000,0.000461,0.000000,0.125622,0.341680;
}
APWITHINDEX {
522,24.000000,-130.000000,-10.000000,-0.157618,-1.570000,0.002024,0.000000,0.155076,0.391057;
}
APWITHINDEX {
523,27.000000,-130.000000,-10.000000,-0.165387,-1.570000,0.003559,0.000000,0.184115,0.439946;
}
APWITHINDEX {
524,30.000000,-130.000000,-10.000000,-0.170671,-1.570000,0.004690,0.000000,0.200000,0.476396;
}
APWITHINDEX {
525,-30.000000,-130.000000,-7.000000,0.720825,-0.809018,0.000008,0.000000,-0.175004,-0.151903;
}
APWITHINDEX {
526,-27.000000,-130.000000,-7.000000,0.696708,-0.833779,0.000010,0.000000,-0.162877,-0.128925;
}
APWITHINDEX {
527,-24.000000,-130.000000,-7.000000,0.668585,-0.858742,0.000011,0.000000,-0.152395,-0.106703;
}
APWITHINDEX {
528,-21.000000,-130.000000,-7.000000,0.638220,-0.885513,0.000012,0.000000,-0.141721,-0.084366;
}
APWITHINDEX {
529,-18.000000,-130.000000,-7.000000,0.605532,-0.914175,0.000012,0.000000,-0.130781,-0.061766;
}
APWITHINDEX {
530,-15.000000,-130.000000,-7.000000,0.571113,-0.946639,0.000015,0.000000,-0.118219,-0.037721;
}
APWITHINDEX {
531,-12.000000,-130.000000,-7.000000,0.533051,-0.979622,0.000016,0.000000,-0.106505,-0.013948;
}
APWITHINDEX {
532,-9.000000,-130.000000,-7.000000,0.493767,-1.015721,0.000019,0.000000,-0.093498,0.010887;
}
APWITHINDEX {
533,-6.000000,-130.000000,-7.000000,0.545443,-0.964184,0.000022,0.000000,-0.075928,0.048337;
}
APWITHINDEX {
534,-3.000000,-130.000000,-7.000000,0.488809,-1.009509,0.000010,0.000000,-0.069554,0.062753;
}
APWITHINDEX {
535,0.000000,-130.000000,-7.000000,0.343768,-1.145670,0.000013,0.000000,-0.087533,0.051492;
}
APWITHINDEX {
536,3.000000,-130.000000,-7.000000,0.293054,-1.189653,0.000000,0.000000,-0.101278,0.055555;
}
APWITHINDEX {
537,6.000000,-130.000000,-7.000000,0.158928,-1.318272,0.001384,0.000000,0.041941,0.185933;
}
APWITHINDEX {
538,9.000000,-130.000000,-7.000000,0.065247,-1.404448,0.000232,0.000000,0.044022,0.200741;
}
APWITHINDEX {
539,12.000000,-130.000000,-7.000000,-0.013500,-1.473225,0.000000,0.000000,0.052756,0.225690;
}
APWITHINDEX {
540,15.000000,-130.000000,-7.000000,-0.048055,-1.501133,0.000504,0.000000,0.071049,0.261892;
}
APWITHINDEX {
541,18.000000,-130.000000,-7.000000,-0.077780,-1.525842,0.001212,0.000000,0.074008,0.283376;
}
APWITHINDEX {
542,21.000000,-130.000000,-7.000000,-0.100109,-1.541638,0.002615,0.000000,0.126981,0.354006;
}
APWITHINDEX {
543,24.000000,-130.000000,-7.000000,-0.135696,-1.570000,0.003896,0.000000,0.170080,0.419087;
}
APWITHINDEX {
544,27.000000,-130.000000,-7.000000,-0.118409,-1.547971,0.004858,0.000000,0.086528,0.357039;
}
APWITHINDEX {
545,30.000000,-130.000000,-7.000000,0.917771,-0.449595,0.045068,0.000000,0.200000,0.452245;
}
APWITHINDEX {
546,-30.000000,-130.000000,-4.000000,0.916963,-0.646805,0.000048,0.000000,-0.157384,-0.102919;
}
APWITHINDEX {
547,-27.000000,-130.000000,-4.000000,0.818842,-0.738495,0.000019,0.000000,-0.148192,-0.092821;
}
APWITHINDEX {
548,-24.000000,-130.000000,-4.000000,0.785930,-0.769363,0.000021,0.000000,-0.137631,-0.072414;
}
APWITHINDEX {
549,-21.000000,-130.000000,-4.000000,0.753618,-0.798398,0.000026,0.000000,-0.126330,-0.050598;
}
APWITHINDEX {
550,-18.000000,-130.000000,-4.000000,0.719195,-0.829136,0.000030,0.000000,-0.114815,-0.028398;
}
APWITHINDEX {
551,-15.000000,-130.000000,-4.000000,0.682063,-0.860584,0.000034,0.000000,-0.103005,-0.005514;
}
APWITHINDEX {
552,-12.000000,-130.000000,-4.000000,0.644663,-0.893857,0.000039,0.000000,-0.090686,0.018032;
}
APWITHINDEX {
553,-9.000000,-130.000000,-4.000000,0.633388,-0.898260,0.000052,0.000000,-0.074962,0.047516;
}
APWITHINDEX {
554,-6.000000,-130.000000,-4.000000,0.587808,-0.939197,0.000046,0.000000,-0.068992,0.059415;
}
APWITHINDEX {
555,-3.000000,-130.000000,-4.000000,0.515450,-1.006344,0.000012,0.000000,-0.065803,0.073768;
}
APWITHINDEX {
556,0.000000,-130.000000,-4.000000,0.427546,-1.086446,0.000019,0.000000,-0.075936,0.077103;
}
APWITHINDEX {
557,3.000000,-130.000000,-4.000000,0.273651,-1.232336,0.003248,0.000000,0.047040,0.183145;
}
APWITHINDEX {
558,6.000000,-130.000000,-4.000000,0.208371,-1.292124,0.002992,0.000000,0.062180,0.212336;
}
APWITHINDEX {
559,9.000000,-130.000000,-4.000000,0.151312,-1.340524,0.003122,0.000000,0.080749,0.247020;
}
APWITHINDEX {
560,12.000000,-130.000000,-4.000000,0.098326,-1.386296,0.003374,0.000000,0.099714,0.282783;
}
APWITHINDEX {
561,15.000000,-130.000000,-4.000000,0.047142,-1.429600,0.003688,0.000000,0.115706,0.316410;
}
APWITHINDEX {
562,18.000000,-130.000000,-4.000000,-0.000786,-1.471774,0.004048,0.000000,0.131320,0.349921;
}
APWITHINDEX {
563,21.000000,-130.000000,-4.000000,-0.059538,-1.523907,0.004224,0.000000,0.157437,0.393054;
}
APWITHINDEX {
564,24.000000,-130.000000,-4.000000,-0.101090,-1.557380,0.005002,0.000000,0.187475,0.440999;
}
APWITHINDEX {
565,27.000000,-130.000000,-4.000000,0.941156,-0.456338,0.041884,0.000000,0.200000,0.439610;
}
APWITHINDEX {
566,30.000000,-130.000000,-4.000000,1.010644,-0.374113,0.046282,0.000000,0.198158,0.450682;
}
APWITHINDEX {
567,-30.000000,-130.000000,-1.000000,1.030629,-0.554512,0.000069,0.000000,-0.161439,-0.081652;
}
APWITHINDEX {
568,-27.000000,-130.000000,-1.000000,0.928785,-0.649538,0.000052,0.000000,-0.153305,-0.076966;
}
APWITHINDEX {
569,-24.000000,-130.000000,-1.000000,0.889054,-0.689465,0.000069,0.000000,-0.128686,-0.053747;
}
APWITHINDEX {
570,-21.000000,-130.000000,-1.000000,0.854951,-0.719501,0.000071,0.000000,-0.117255,-0.032552;
}
APWITHINDEX {
571,-18.000000,-130.000000,-1.000000,0.817885,-0.751856,0.000071,0.000000,-0.105929,-0.011012;
}
APWITHINDEX {
572,-15.000000,-130.000000,-1.000000,0.781711,-0.786833,0.000071,0.000000,-0.094882,0.010290;
}
APWITHINDEX {
573,-12.000000,-130.000000,-1.000000,0.741392,-0.821381,0.000072,0.000000,-0.082954,0.032723;
}
APWITHINDEX {
574,-9.000000,-130.000000,-1.000000,0.680763,-0.873727,0.000067,0.000000,-0.070413,0.055168;
}
APWITHINDEX {
575,-6.000000,-130.000000,-1.000000,0.651440,-0.898240,0.000074,0.000000,-0.057187,0.081357;
}
APWITHINDEX {
576,-3.000000,-130.000000,-1.000000,0.595055,-0.950429,0.000058,0.000000,-0.053813,0.097273;
}
APWITHINDEX {
577,0.000000,-130.000000,-1.000000,0.935622,-0.602711,0.005370,0.000000,0.031139,0.192858;
}
APWITHINDEX {
578,3.000000,-130.000000,-1.000000,1.040464,-0.467666,0.018476,0.000000,0.154738,0.257981;
}
APWITHINDEX {
579,6.000000,-130.000000,-1.000000,1.023513,-0.470941,0.021070,0.000000,0.167714,0.278423;
}
APWITHINDEX {
580,9.000000,-130.000000,-1.000000,1.006450,-0.475676,0.024283,0.000000,0.185940,0.304330;
}
APWITHINDEX {
581,12.000000,-130.000000,-1.000000,0.990374,-0.481175,0.027442,0.000000,0.200000,0.330181;
}
APWITHINDEX {
582,15.000000,-130.000000,-1.000000,0.975395,-0.485490,0.030273,0.000000,0.200000,0.353276;
}
APWITHINDEX {
583,-130.000000,-1.000000,0.959693,-0.490090,0.033167,0.000000,0.200000,0.377038;
}
APWITHINDEX {
584,21.000000,-130.000000,-1.000000,0.945630,-0.494998,0.035902,0.000000,0.200000,0.399770;
}
APWITHINDEX {
585,24.000000,-130.000000,-1.000000,0.931519,-0.500184,0.038629,0.000000,0.200000,0.422630;
}
APWITHINDEX {
586,27.000000,-130.000000,-1.000000,0.917005,-0.505672,0.041415,0.000000,0.200000,0.446126;
}
APWITHINDEX {
587,30.000000,-130.000000,-1.000000,0.904658,-0.500771,0.045450,0.000000,0.200000,0.473430;
}
APWITHINDEX {
588,-30.000000,-130.000000,2.000000,1.009105,-0.598702,0.000076,0.000000,-0.152505,-0.079583;
}
APWITHINDEX {
589,-27.000000,-130.000000,2.000000,0.965648,-0.638155,0.000055,0.000000,-0.149697,-0.065706;
}
APWITHINDEX {
590,-24.000000,-130.000000,2.000000,0.987320,-0.616827,0.000002,0.000000,-0.136948,-0.026028;
}
APWITHINDEX {
591,-21.000000,-130.000000,2.000000,1.036783,-0.567972,0.000007,0.000000,-0.089322,0.020518;
}
APWITHINDEX {
592,-18.000000,-130.000000,2.000000,1.062616,-0.538762,0.000004,0.000000,-0.054451,0.056426;
}
APWITHINDEX {
593,-15.000000,-130.000000,2.000000,1.072535,-0.522946,0.000002,0.000000,-0.038633,0.083903;
}
APWITHINDEX {
594,-12.000000,-130.000000,2.000000,1.077443,-0.511679,0.000001,0.000000,-0.020270,0.111246;
}
APWITHINDEX {
595,-9.000000,-130.000000,2.000000,1.078547,-0.503769,0.000001,0.000000,-0.002157,0.137876;
}
APWITHINDEX {
596,-6.000000,-130.000000,2.000000,1.076172,-0.498791,0.000001,0.000000,0.015974,0.164128;
}
APWITHINDEX {
597,-3.000000,-130.000000,2.000000,1.019709,-0.545003,0.003570,0.000000,0.028168,0.185417;
}
APWITHINDEX {
598,0.000000,-130.000000,2.000000,1.038571,-0.518070,0.005189,0.000000,0.045597,0.206579;
}
APWITHINDEX {
599,3.000000,-130.000000,2.000000,1.058781,-0.463737,0.005365,0.000000,0.200000,0.264524;
}
APWITHINDEX {
600,6.000000,-130.000000,2.000000,1.102193,-0.406335,0.020955,0.000000,0.200000,0.284855;
}
APWITHINDEX {
601,9.000000,-130.000000,2.000000,1.066754,-0.435629,0.025040,0.000000,0.200000,0.309482;
}
APWITHINDEX {
602,12.000000,-130.000000,2.000000,0.817319,-0.766372,0.000072,0.000000,-0.102952,-0.018089;
}
APWITHINDEX {
603,15.000000,-130.000000,2.000000,0.968190,-0.580765,0.001512,0.000000,0.082762,0.172911;
}
APWITHINDEX {
604,18.000000,-130.000000,2.000000,0.985608,-0.526634,0.017226,0.000000,0.150767,0.263352;
}
APWITHINDEX {
605,21.000000,-130.000000,2.000000,0.934757,-0.505552,0.036025,0.000000,0.199705,0.420773;
}
APWITHINDEX {
606,24.000000,-130.000000,2.000000,0.888831,-0.514337,0.046778,0.000000,0.200000,0.493583;
}
APWITHINDEX {
607,27.000000,-130.000000,2.000000,0.993355,-0.441162,0.035508,0.000000,0.197802,0.448358;
}
APWITHINDEX {
608,30.000000,-130.000000,2.000000,0.847555,-0.513898,0.065115,0.000000,0.183485,0.613226;
}
APWITHINDEX {
609,-30.000000,-130.000000,5.000000,0.839179,-0.533547,0.054844,0.000000,0.198575,0.573916;
}
APWITHINDEX {
610,-27.000000,-130.000000,5.000000,0.839171,-0.533550,0.054844,0.000000,0.198571,0.573912;
}
APWITHINDEX {
611,-24.000000,-130.000000,5.000000,0.839170,-0.533551,0.054845,0.000000,0.198570,0.573912;
}
APWITHINDEX {
612,-21.000000,-130.000000,5.000000,0.839168,-0.533551,0.054845,0.000000,0.198570,0.573911;
}
APWITHINDEX {
613,-18.000000,-130.000000,5.000000,0.839168,-0.533552,0.054845,0.000000,0.198569,0.573911;
}
APWITHINDEX {
614,-15.000000,-130.000000,5.000000,0.839166,-0.533552,0.054845,0.000000,0.198569,0.573910;
}
APWITHINDEX {
615,-12.000000,-130.000000,5.000000,0.839165,-0.533553,0.054845,0.000000,0.198568,0.573910;
}
APWITHINDEX {
616,-9.000000,-130.000000,5.000000,0.839163,-0.533554,0.054845,0.000000,0.198567,0.573909;
}
APWITHINDEX {
617,-6.000000,-130.000000,5.000000,0.839163,-0.533554,0.054845,0.000000,0.198567,0.573908;
}
APWITHINDEX {
618,-3.000000,-130.000000,5.000000,0.839162,-0.533555,0.054845,0.000000,0.198566,0.573908;
}
APWITHINDEX {
619,0.000000,-130.000000,5.000000,0.839161,-0.533555,0.054845,0.000000,0.198566,0.573906;
}
APWITHINDEX {
620,3.000000,-130.000000,5.000000,0.839158,-0.533556,0.054845,0.000000,0.198565,0.573907;
}
APWITHINDEX {
621,6.000000,-130.000000,5.000000,0.883981,-0.432680,0.056077,0.000000,0.195827,0.544410;
}
APWITHINDEX {
622,9.000000,-130.000000,5.000000,0.881680,-0.426560,0.055839,0.000000,0.197778,0.541289;
}
APWITHINDEX {
623,12.000000,-130.000000,5.000000,0.899695,-0.432749,0.052329,0.000000,0.196077,0.514163;
}
APWITHINDEX {
624,15.000000,-130.000000,5.000000,0.894416,-0.448142,0.051155,0.000000,0.200000,0.524898;
}
APWITHINDEX {
625,18.000000,-130.000000,5.000000,0.891937,-0.458923,0.050934,0.000000,0.199268,0.523895;
}
APWITHINDEX {
626,21.000000,-130.000000,5.000000,0.893181,-0.473898,0.051266,0.000000,0.195905,0.526429;
}
APWITHINDEX {
627,24.000000,-130.000000,5.000000,0.851805,-0.533362,0.052921,0.000000,0.196863,0.548937;
}
APWITHINDEX {
628,27.000000,-130.000000,5.000000,0.852022,-0.533279,0.052886,0.000000,0.196866,0.548634;
}
APWITHINDEX {
629,30.000000,-130.000000,5.000000,0.852767,-0.533011,0.052810,0.000000,0.196868,0.548487;
}
APWITHINDEX {
630,-30.000000,-130.000000,8.000000,0.852015,-0.533282,0.052886,0.000000,0.196866,0.548633;
}
APWITHINDEX {
631,-27.000000,-130.000000,8.000000,0.852014,-0.533282,0.052886,0.000000,0.196866,0.548633;
}
APWITHINDEX {
632,-24.000000,-130.000000,8.000000,0.852012,-0.533283,0.052886,0.000000,0.196866,0.548633;
}
APWITHINDEX {
633,-21.000000,-130.000000,8.000000,0.852011,-0.533284,0.052887,0.000000,0.196866,0.548633;
}
APWITHINDEX {
634,-18.000000,-130.000000,8.000000,0.852009,-0.533284,0.052887,0.000000,0.196866,0.548632;
}
APWITHINDEX {
635,-15.000000,-130.000000,8.000000,0.852008,-0.533285,0.052887,0.000000,0.196866,0.548633;
}
APWITHINDEX {
636,-12.000000,-130.000000,8.000000,0.854031,-0.534757,0.052803,0.000000,0.196095,0.547602;
}
APWITHINDEX {
637,-9.000000,-130.000000,8.000000,0.870792,-0.521188,0.049215,0.000000,0.198878,0.521301;
}
APWITHINDEX {
638,-6.000000,-130.000000,8.000000,0.868797,-0.518629,0.049114,0.000000,0.200000,0.520600;
}
APWITHINDEX {
639,-3.000000,-130.000000,8.000000,0.869681,-0.518342,0.048948,0.000000,0.200000,0.519215;
}
APWITHINDEX {
640,0.000000,-130.000000,8.000000,0.881983,-0.516377,0.047725,0.000000,0.199110,0.513627;
}
APWITHINDEX {
641,3.000000,-130.000000,8.000000,0.856146,-0.506964,0.060551,0.000000,0.195826,0.589914;
}
APWITHINDEX {
642,6.000000,-130.000000,8.000000,0.883175,-0.514637,0.050469,0.000000,0.197440,0.517219;
}
APWITHINDEX {
643,9.000000,-130.000000,8.000000,0.824033,-0.647342,0.027078,0.000000,0.195044,0.382706;
}
APWITHINDEX {
644,12.000000,-130.000000,8.000000,1.003035,-0.542749,0.019303,0.000000,0.143802,0.343679;
}
APWITHINDEX {
645,15.000000,-130.000000,8.000000,0.454664,-1.083030,0.005261,0.000000,0.047865,0.183322;
}
APWITHINDEX {
646,18.000000,-130.000000,8.000000,0.455420,-1.083795,0.005261,0.000000,0.047673,0.183105;
}
APWITHINDEX {
647,21.000000,-130.000000,8.000000,0.454634,-1.083045,0.005261,0.000000,0.047891,0.183341;
}
APWITHINDEX {
648,24.000000,-130.000000,8.000000,0.454625,-1.083055,0.005261,0.000000,0.047890,0.183340;
}
APWITHINDEX {
649,27.000000,-130.000000,8.000000,0.454611,-1.083067,0.005261,0.000000,0.047889,0.183339;
}
APWITHINDEX {
650,30.000000,-130.000000,8.000000,0.454600,-1.083079,0.005261,0.000000,0.047888,0.183337;
}
APWITHINDEX {
651,-30.000000,-130.000000,10.000000,0.454638,-1.083147,0.005261,0.000000,0.047919,0.183379;
}
APWITHINDEX {
652,-27.000000,-130.000000,10.000000,0.454628,-1.083157,0.005261,0.000000,0.047919,0.183378;
}
APWITHINDEX {
653,-24.000000,-130.000000,10.000000,0.454614,-1.083167,0.005261,0.000000,0.047919,0.183377;
}
APWITHINDEX {
654,-21.000000,-130.000000,10.000000,0.454604,-1.083174,0.005261,0.000000,0.047920,0.183376;
}
APWITHINDEX {
655,-18.000000,-130.000000,10.000000,0.454588,-1.083190,0.005261,0.000000,0.047920,0.183375;
}
APWITHINDEX {
656,-15.000000,-130.000000,10.000000,0.454581,-1.083196,0.005261,0.000000,0.047920,0.183375;
}
APWITHINDEX {
657,-12.000000,-130.000000,10.000000,0.454559,-1.083207,0.005260,0.000000,0.047925,0.183390;
}
APWITHINDEX {
658,-9.000000,-130.000000,10.000000,0.454525,-1.083231,0.005260,0.000000,0.047929,0.183404;
}
APWITHINDEX {
659,-6.000000,-130.000000,10.000000,0.454497,-1.083248,0.005260,0.000000,0.047933,0.183418;
}
APWITHINDEX {
660,-3.000000,-130.000000,10.000000,0.454468,-1.083266,0.005259,0.000000,0.047937,0.183433;
}
APWITHINDEX {
661,0.000000,-130.000000,10.000000,0.454439,-1.083286,0.005259,0.000000,0.047941,0.183447;
}
APWITHINDEX {
662,3.000000,-130.000000,10.000000,0.453956,-1.082858,0.005259,0.000000,0.047978,0.183502;
}
APWITHINDEX {
663,6.000000,-130.000000,10.000000,0.453928,-1.082878,0.005259,0.000000,0.047981,0.183516;
}
APWITHINDEX {
664,9.000000,-130.000000,10.000000,0.453904,-1.082896,0.005258,0.000000,0.047984,0.183531;
}
APWITHINDEX {
665,12.000000,-130.000000,10.000000,0.424941,-1.112129,0.004937,0.000000,0.045437,0.184153;
}
APWITHINDEX {
666,15.000000,-130.000000,10.000000,0.424914,-1.112148,0.004937,0.000000,0.045440,0.184168;
}
APWITHINDEX {
667,18.000000,-130.000000,10.000000,0.425629,-1.111535,0.004936,0.000000,0.045228,0.183790;
}
APWITHINDEX {
668,21.000000,-130.000000,10.000000,0.428963,-1.109325,0.004898,0.000000,0.044139,0.182410;
}
APWITHINDEX {
669,24.000000,-130.000000,10.000000,0.433831,-1.104854,0.004803,0.000000,0.042303,0.180449;
}
APWITHINDEX {
670,27.000000,-130.000000,10.000000,0.439900,-1.101548,0.004708,0.000000,0.040168,0.178151;
}
APWITHINDEX {
671,30.000000,-130.000000,10.000000,0.444742,-1.097051,0.004614,0.000000,0.038313,0.176169;
}
APWITHINDEX {
672,-30.000000,-150.000000,-10.000000,0.454262,-1.092498,0.004472,0.000000,0.034931,0.172537;
}
APWITHINDEX {
673,-27.000000,-150.000000,-10.000000,0.613948,-0.942978,0.000000,0.000000,-0.036729,0.088745;
}
APWITHINDEX {
674,-24.000000,-150.000000,-10.000000,0.613081,-0.942071,0.000000,0.000000,-0.039048,0.085697;
}
APWITHINDEX {
675,-21.000000,-150.000000,-10.000000,0.613486,-0.941935,0.000000,0.000000,-0.040604,0.083612;
}
APWITHINDEX {
676,-18.000000,-150.000000,-10.000000,0.612937,-0.940608,0.000000,0.000000,-0.042076,0.081685;
}
APWITHINDEX {
677,-15.000000,-150.000000,-10.000000,0.613706,-0.940136,0.000000,0.000000,-0.043558,0.079689;
}
APWITHINDEX {
678,-12.000000,-150.000000,-10.000000,0.707110,-0.853073,0.000583,0.000000,-0.032694,0.089165;
}
APWITHINDEX {
679,-9.000000,-150.000000,-10.000000,0.650869,-0.906182,0.000142,0.000000,-0.036772,0.087704;
}
APWITHINDEX {
680,-6.000000,-150.000000,-10.000000,0.652650,-0.906776,0.000131,0.000000,-0.038170,0.085797;
}
APWITHINDEX {
681,-3.000000,-150.000000,-10.000000,0.653346,-0.906359,0.000121,0.000000,-0.039530,0.083994;
}
APWITHINDEX {
682,0.000000,-150.000000,-10.000000,0.648232,-0.913287,0.000044,0.000000,-0.041958,0.081045;
}
APWITHINDEX {
683,3.000000,-150.000000,-10.000000,0.651194,-0.914823,0.000035,0.000000,-0.043359,0.079047;
}
APWITHINDEX {
684,6.000000,-150.000000,-10.000000,0.686189,-0.882303,0.000072,0.000000,-0.075584,0.032960;
}
APWITHINDEX {
685,9.000000,-150.000000,-10.000000,0.753336,-0.815009,0.000060,0.000000,-0.067144,0.044228;
}
APWITHINDEX {
686,12.000000,-150.000000,-10.000000,0.754471,-0.812209,0.000059,0.000000,-0.067758,0.043140;
}
APWITHINDEX {
687,15.000000,-150.000000,-10.000000,0.756594,-0.810398,0.000059,0.000000,-0.068365,0.041980;
}
APWITHINDEX {
688,18.000000,-150.000000,-10.000000,0.710718,-0.855376,0.000068,0.000000,-0.074197,0.034080;
}
APWITHINDEX {
689,21.000000,-150.000000,-10.000000,0.744259,-0.828617,0.000094,0.000000,-0.082882,0.000283;
}
APWITHINDEX {
690,24.000000,-150.000000,-10.000000,0.745695,-0.810266,0.000169,0.000000,-0.068646,-0.010643;
}
APWITHINDEX {
691,27.000000,-150.000000,-10.000000,0.867072,-0.683284,0.000175,0.000000,-0.087964,-0.042030;
}
APWITHINDEX {
692,30.000000,-150.000000,-10.000000,0.897223,-0.643112,0.000169,0.000000,-0.103969,-0.077700;
}
APWITHINDEX {
693,-30.000000,-150.000000,-7.000000,0.913136,-0.630007,0.000168,0.000000,-0.108560,-0.083684;
}
APWITHINDEX {
694,-27.000000,-150.000000,-7.000000,0.812132,-0.713819,0.000150,0.000000,-0.090987,-0.096513;
}
APWITHINDEX {
695,-24.000000,-150.000000,-7.000000,0.821427,-0.708160,0.000152,0.000000,-0.091842,-0.093760;
}
APWITHINDEX {
696,-21.000000,-150.000000,-7.000000,0.580200,-0.952068,0.000000,0.000000,-0.081710,-0.038146;
}
APWITHINDEX {
697,-18.000000,-150.000000,-7.000000,0.965501,-0.634003,0.000075,0.000000,-0.131905,-0.110296;
}
APWITHINDEX {
698,-15.000000,-150.000000,-7.000000,0.982332,-0.614334,0.000074,0.000000,-0.138148,-0.111436;
}
APWITHINDEX {
699,-12.000000,-150.000000,-7.000000,0.983802,-0.612951,0.000074,0.000000,-0.138587,-0.112359;
}
APWITHINDEX {
700,-9.000000,-150.000000,-7.000000,0.968514,-0.628319,0.000077,0.000000,-0.131718,-0.108093;
}
APWITHINDEX {
701,-6.000000,-150.000000,-7.000000,0.971489,-0.627198,0.000077,0.000000,-0.132357,-0.109551;
}
APWITHINDEX {
702,-3.000000,-150.000000,-7.000000,0.974462,-0.626073,0.000077,0.000000,-0.132995,-0.111009;
}
APWITHINDEX {
703,0.000000,-150.000000,-7.000000,0.978306,-0.625835,0.000077,0.000000,-0.133442,-0.112455;
}
APWITHINDEX {
704,3.000000,-150.000000,-7.000000,1.020731,-0.578947,0.000058,0.000000,-0.166620,-0.151501;
}
APWITHINDEX {
705,6.000000,-150.000000,-7.000000,1.127173,-0.479682,0.000060,0.000000,-0.193922,-0.212022;
}
APWITHINDEX {
706,9.000000,-150.000000,-7.000000,2.144454,0.683166,0.000427,0.000000,-0.028626,0.269564;
}
APWITHINDEX {
707,12.000000,-150.000000,-7.000000,2.272960,0.823165,0.000459,0.000000,-0.023115,0.279183;
}
APWITHINDEX {
708,15.000000,-150.000000,-7.000000,2.541335,1.109428,0.000516,0.000000,0.283831;
}
APWITHINDEX {
584,21.000000,-130.000000,-1.000000,1.027163,-0.409801,0.034399,0.000000,0.200000,0.387810;
}
APWITHINDEX {
709,18.000000,-150.000000,-7.000000,-0.108211,-1.570000,0.000371,0.000000,0.117632,0.308584;
}
APWITHINDEX {
710,21.000000,-150.000000,-7.000000,-0.114345,-1.570000,0.001771,0.000000,0.144009,0.352577;
}
APWITHINDEX {
711,24.000000,-150.000000,-7.000000,-0.119935,-1.570000,0.003142,0.000000,0.170298,0.396315;
}
APWITHINDEX {
712,27.000000,-150.000000,-7.000000,-0.126720,-1.570000,0.004483,0.000000,0.195857,0.439293;
}
APWITHINDEX {
713,30.000000,-150.000000,-7.000000,-0.132120,-1.570000,0.005176,0.000000,0.200000,0.461490;
}
APWITHINDEX {
714,-30.000000,-150.000000,-4.000000,0.894615,-0.663877,0.000042,0.000000,-0.151954,-0.072613;
}
APWITHINDEX {
715,-27.000000,-150.000000,-4.000000,0.869627,-0.686296,0.000044,0.000000,-0.142049,-0.054543;
}
APWITHINDEX {
716,-24.000000,-150.000000,-4.000000,0.842322,-0.710823,0.000045,0.000000,-0.131950,-0.036154;
}
APWITHINDEX {
717,-21.000000,-150.000000,-4.000000,0.824948,-0.726406,0.000046,0.000000,-0.125371,-0.024545;
}
APWITHINDEX {
718,-18.000000,-150.000000,-4.000000,0.794585,-0.754113,0.000046,0.000000,-0.114795,-0.005668;
}
APWITHINDEX {
719,-15.000000,-150.000000,-4.000000,0.742056,-0.803190,0.000034,0.000000,-0.108158,0.008403;
}
APWITHINDEX {
720,-12.000000,-150.000000,-4.000000,0.706212,-0.835111,0.000031,0.000000,-0.094677,0.029267;
}
APWITHINDEX {
721,-9.000000,-150.000000,-4.000000,0.541721,-0.989584,0.000003,0.000000,-0.103915,0.024884;
}
APWITHINDEX {
722,-6.000000,-150.000000,-4.000000,0.570134,-0.959373,0.000004,0.000000,-0.091080,0.057092;
}
APWITHINDEX {
723,-3.000000,-150.000000,-4.000000,0.536708,-0.989300,0.000007,0.000000,-0.079261,0.079372;
}
APWITHINDEX {
724,0.000000,-150.000000,-4.000000,0.416351,-1.100713,0.000004,0.000000,-0.076254,0.081763;
}
APWITHINDEX {
725,3.000000,-150.000000,-4.000000,0.146017,-1.366493,0.000822,0.000000,0.043529,0.171235;
}
APWITHINDEX {
726,6.000000,-150.000000,-4.000000,0.086670,-1.418032,0.000478,0.000000,0.054344,0.193442;
}
APWITHINDEX {
727,9.000000,-150.000000,-4.000000,0.021236,-1.474685,0.000118,0.000000,0.066558,0.218486;
}
APWITHINDEX {
728,12.000000,-150.000000,-4.000000,-0.038876,-1.532677,0.000005,0.000000,0.082140,0.247726;
}
APWITHINDEX {
729,15.000000,-150.000000,-4.000000,-0.082549,-1.570000,0.000029,0.000000,0.104966,0.285365;
}
APWITHINDEX {
730,18.000000,-150.000000,-4.000000,-0.088448,-1.570000,0.001451,0.000000,0.131676,0.329823;
}
APWITHINDEX {
731,21.000000,-150.000000,-4.000000,-0.094757,-1.570000,0.002838,0.000000,0.157795,0.373530;
}
APWITHINDEX {
732,24.000000,-150.000000,-4.000000,-0.101442,-1.570000,0.004198,0.000000,0.183444,0.416694;
}
APWITHINDEX {
733,27.000000,-150.000000,-4.000000,-0.105982,-1.570000,0.005265,0.000000,0.200000,0.451182;
}
APWITHINDEX {
734,30.000000,-150.000000,-4.000000,1.094444,-0.304220,0.043136,0.000000,0.200000,0.412521;
}
APWITHINDEX {
735,-30.000000,-150.000000,-1.000000,0.987497,-0.593546,0.000085,0.000000,-0.142354,-0.054465;
}
APWITHINDEX {
736,-27.000000,-150.000000,-1.000000,0.961283,-0.616609,0.000086,0.000000,-0.132837,-0.036859;
}
APWITHINDEX {
737,-24.000000,-150.000000,-1.000000,0.933694,-0.644631,0.000084,0.000000,-0.125138,-0.020255;
}
APWITHINDEX {
738,-21.000000,-150.000000,-1.000000,0.891795,-0.681745,0.000072,0.000000,-0.121796,-0.007356;
}
APWITHINDEX {
739,-18.000000,-150.000000,-1.000000,0.946946,-0.626308,0.000005,0.000000,-0.088457,0.041590;
}
APWITHINDEX {
740,-15.000000,-150.000000,-1.000000,0.959976,-0.610365,0.000005,0.000000,-0.069624,0.069145;
}
APWITHINDEX {
741,-12.000000,-150.000000,-1.000000,0.967868,-0.595067,0.000007,0.000000,-0.049266,0.096975;
}
APWITHINDEX {
742,-9.000000,-150.000000,-1.000000,0.973235,-0.584775,0.000007,0.000000,-0.030941,0.123024;
}
APWITHINDEX {
743,-6.000000,-150.000000,-1.000000,0.683963,-0.870804,0.000064,0.000000,-0.065508,0.091347;
}
APWITHINDEX {
744,-3.000000,-150.000000,-1.000000,0.972424,-0.573439,0.000007,0.000000,0.000821,0.171494;
}
APWITHINDEX {
745,0.000000,-150.000000,-1.000000,0.257081,-1.280609,0.002546,0.000000,0.048281,0.167512;
}
APWITHINDEX {
746,3.000000,-150.000000,-1.000000,0.212705,-1.318968,0.002775,0.000000,0.064477,0.197679;
}
APWITHINDEX {
747,6.000000,-150.000000,-1.000000,0.143855,-1.380509,0.002374,0.000000,0.077408,0.224025;
}
APWITHINDEX {
748,9.000000,-150.000000,-1.000000,0.080407,-1.437111,0.002128,0.000000,0.091504,0.251932;
}
APWITHINDEX {
749,12.000000,-150.000000,-1.000000,0.037637,-1.475432,0.002459,0.000000,0.109969,0.285437;
}
APWITHINDEX {
750,15.000000,-150.000000,-1.000000,-0.003404,-1.509881,0.002877,0.000000,0.128510,0.319477;
}
APWITHINDEX {
751,18.000000,-150.000000,-1.000000,-0.042122,-1.542187,0.003378,0.000000,0.147885,0.354762;
}
APWITHINDEX {
752,21.000000,-150.000000,-1.000000,-0.075331,-1.570000,0.003980,0.000000,0.169033,0.391977;
}
APWITHINDEX {
753,24.000000,-150.000000,-1.000000,-0.082040,-1.570000,0.005256,0.000000,0.197006,0.437344;
}
APWITHINDEX {
754,27.000000,-150.000000,-1.000000,1.208223,-0.216768,0.041001,0.000000,0.200000,0.386676;
}
APWITHINDEX {
755,30.000000,-150.000000,-1.000000,1.187237,-0.228268,0.043404,0.000000,0.200000,0.407747;
}
APWITHINDEX {
756,-30.000000,-150.000000,2.000000,1.011273,-0.588175,0.000064,0.000000,-0.161575,-0.053458;
}
APWITHINDEX {
757,-27.000000,-150.000000,2.000000,0.940554,-0.655857,0.000000,0.000000,-0.166181,-0.043784;
}
APWITHINDEX {
758,-24.000000,-150.000000,2.000000,0.992087,-0.605705,0.000000,0.000000,-0.132489,-0.001414;
}
APWITHINDEX {
759,-21.000000,-150.000000,2.000000,0.842514,-0.746040,0.000038,0.000000,-0.132677,-0.017436;
}
APWITHINDEX {
760,-18.000000,-150.000000,2.000000,0.815632,-0.769547,0.000043,0.000000,-0.120384,0.003157;
}
APWITHINDEX {
761,-15.000000,-150.000000,2.000000,0.783409,-0.800261,0.000042,0.000000,-0.110990,0.021504;
}
APWITHINDEX {
762,-12.000000,-150.000000,2.000000,0.936600,-0.645506,0.000000,0.000000,-0.055806,0.095928;
}
APWITHINDEX {
763,-9.000000,-150.000000,2.000000,0.942564,-0.634681,0.000000,0.000000,-0.036175,0.123459;
}
APWITHINDEX {
764,-6.000000,-150.000000,2.000000,0.944883,-0.626472,0.000000,0.000000,-0.016940,0.150158;
}
APWITHINDEX {
765,-3.000000,-150.000000,2.000000,0.943740,-0.620671,0.000000,0.000000,0.001995,0.176170;
}
APWITHINDEX {
766,0.000000,-150.000000,2.000000,0.941886,-0.615020,0.002572,0.000000,0.021489,0.202816;
}
APWITHINDEX {
767,3.000000,-150.000000,2.000000,1.298760,-0.221598,0.022122,0.000000,0.191829,0.237421;
}
APWITHINDEX {
768,6.000000,-150.000000,2.000000,1.275577,-0.231999,0.024333,0.000000,0.198420,0.255925;
}
APWITHINDEX {
769,9.000000,-150.000000,2.000000,1.257881,-0.241278,0.026455,0.000000,0.200000,0.273438;
}
APWITHINDEX {
770,12.000000,-150.000000,2.000000,1.242809,-0.247902,0.028892,0.000000,0.200000,0.293351;
}
APWITHINDEX {
771,15.000000,-150.000000,2.000000,1.226421,-0.255125,0.031394,0.000000,0.200000,0.313956;
}
APWITHINDEX {
772,18.000000,-150.000000,2.000000,1.209190,-0.262961,0.033892,0.000000,0.200000,0.334738;
}
APWITHINDEX {
773,21.000000,-150.000000,2.000000,1.191406,-0.271500,0.036370,0.000000,0.200000,0.355550;
}
APWITHINDEX {
774,24.000000,-150.000000,2.000000,1.173464,-0.280797,0.038818,0.000000,0.200000,0.376224;
}
APWITHINDEX {
775,27.000000,-150.000000,2.000000,1.154704,-0.290319,0.041259,0.000000,0.200000,0.396984;
}
APWITHINDEX {
776,30.000000,-150.000000,2.000000,1.152276,-0.282504,0.044963,0.000000,0.200000,0.423227;
}
APWITHINDEX {
777,-30.000000,-150.000000,5.000000,1.002036,-0.617450,0.000067,0.000000,-0.153190,-0.049210;
}
APWITHINDEX {
778,-27.000000,-150.000000,5.000000,0.971120,-0.645670,0.000065,0.000000,-0.145616,-0.033692;
}
APWITHINDEX {
779,-24.000000,-150.000000,5.000000,1.047198,-0.573643,0.000000,0.000000,-0.107754,0.019954;
}
APWITHINDEX {
780,-21.000000,-150.000000,5.000000,1.062411,-0.555980,0.000000,0.000000,-0.090007,0.046173;
}
APWITHINDEX {
781,-18.000000,-150.000000,5.000000,1.012305,-0.600022,0.000093,0.000000,-0.058656,0.070384;
}
APWITHINDEX {
782,-15.000000,-150.000000,5.000000,1.025002,-0.582394,0.000096,0.000000,-0.039481,0.097463;
}
APWITHINDEX {
783,-12.000000,-150.000000,5.000000,1.026776,-0.575435,0.000071,0.000000,-0.028976,0.120158;
}
APWITHINDEX {
784,-9.000000,-150.000000,5.000000,1.029015,-0.566483,0.000073,0.000000,-0.011103,0.145210;
}
APWITHINDEX {
785,-6.000000,-150.000000,5.000000,1.028638,-0.560387,0.000080,0.000000,0.007238,0.169993;
}
APWITHINDEX {
786,-3.000000,-150.000000,5.000000,1.024880,-0.555864,0.000082,0.000000,0.024656,0.194189;
}
APWITHINDEX {
787,0.000000,-150.000000,5.000000,1.020237,-0.552669,0.001967,0.000000,0.043236,0.219056;
}
APWITHINDEX {
788,3.000000,-150.000000,5.000000,1.019407,-0.544422,0.004623,0.000000,0.059469,0.243369;
}
APWITHINDEX {
789,6.000000,-150.000000,5.000000,1.361253,-0.167184,0.025330,0.000000,0.200000,0.255489;
}
APWITHINDEX {
790,9.000000,-150.000000,5.000000,1.465975,-0.052041,0.025769,0.000000,0.200000,0.255271;
}
APWITHINDEX {
791,12.000000,-150.000000,5.000000,1.450603,-0.057561,0.028334,0.000000,0.200000,0.275904;
}
APWITHINDEX {
792,15.000000,-150.000000,5.000000,1.377184,-0.122396,0.031555,0.000000,0.200000,0.306469;
}
APWITHINDEX {
793,18.000000,-150.000000,5.000000,1.295438,-0.195927,0.034028,0.000000,0.200000,0.330504;
}
APWITHINDEX {
794,21.000000,-150.000000,5.000000,1.288559,-0.190159,0.037237,0.000000,0.200000,0.350499;
}
APWITHINDEX {
795,24.000000,-150.000000,5.000000,1.383399,-0.085994,0.038396,0.000000,0.200000,0.359148;
}
APWITHINDEX {
796,27.000000,-150.000000,5.000000,1.303365,-0.157779,0.040616,0.000000,0.200000,0.382444;
}
APWITHINDEX {
797,30.000000,-150.000000,5.000000,1.293865,-0.157920,0.042940,0.000000,0.200000,0.401652;
}
APWITHINDEX {
798,-30.000000,-150.000000,8.000000,1.160015,-0.488310,0.000007,0.000000,-0.120674,0.001074;
}
APWITHINDEX {
799,-27.000000,-150.000000,8.000000,1.177528,-0.466535,0.000005,0.000000,-0.102699,0.027498;
}
APWITHINDEX {
800,-24.000000,-150.000000,8.000000,1.189094,-0.452193,0.000005,0.000000,-0.085782,0.051839;
}
APWITHINDEX {
801,-21.000000,-150.000000,8.000000,1.197079,-0.440637,0.000005,0.000000,-0.069498,0.075156;
}
APWITHINDEX {
802,-18.000000,-150.000000,8.000000,1.201894,-0.431336,0.000005,0.000000,-0.053636,0.097799;
}
APWITHINDEX {
803,-15.000000,-150.000000,8.000000,1.203974,-0.424042,0.000005,0.000000,-0.038013,0.119867;
}
APWITHINDEX {
804,-12.000000,-150.000000,8.000000,1.203464,-0.418599,0.000005,0.000000,-0.022506,0.141656;
}
APWITHINDEX {
805,-9.000000,-150.000000,8.000000,1.200577,-0.414846,0.000005,0.000000,-0.007048,0.163201;
}
APWITHINDEX {
806,-6.000000,-150.000000,8.000000,1.196023,-0.409912,0.000002,0.000000,0.007607,0.184458;
}
APWITHINDEX {
807,-3.000000,-150.000000,8.000000,1.188692,-0.409154,0.000002,0.000000,0.023266,0.205755;
}
APWITHINDEX {
808,0.000000,-150.000000,8.000000,1.179217,-0.409905,0.000002,0.000000,0.038811,0.226974;
}
APWITHINDEX {
809,3.000000,-150.000000,8.000000,1.171192,-0.409559,0.001328,0.000000,0.053185,0.248488;
}
APWITHINDEX {
810,6.000000,-150.000000,8.000000,1.159597,-0.411317,0.003990,0.000000,0.069482,0.270445;
}
APWITHINDEX {
811,9.000000,-150.000000,8.000000,1.150415,-0.413230,0.005875,0.000000,0.080921,0.285822;
}
APWITHINDEX {
812,12.000000,-150.000000,8.000000,1.547121,0.019056,0.028137,0.000000,0.200000,0.268954;
}
APWITHINDEX {
813,15.000000,-150.000000,8.000000,1.531538,0.013578,0.030710,0.000000,0.200000,0.289730;
}
APWITHINDEX {
814,18.000000,-150.000000,8.000000,1.516938,0.011044,0.033194,0.000000,0.200000,0.309784;
}
APWITHINDEX {
815,21.000000,-150.000000,8.000000,1.499720,0.001041,0.035713,0.000000,0.200000,0.330929;
}
APWITHINDEX {
816,24.000000,-150.000000,8.000000,1.482018,-0.006618,0.038214,0.000000,0.200000,0.351716;
}
APWITHINDEX {
817,27.000000,-150.000000,8.000000,1.387763,-0.087180,0.041156,0.000000,0.200000,0.382030;
}
APWITHINDEX {
818,30.000000,-150.000000,8.000000,1.370165,-0.096294,0.043245,0.000000,0.200000,0.399770;
}
APWITHINDEX {
819,-30.000000,-150.000000,10.000000,1.228785,-0.432567,0.000000,0.000000,-0.117677,0.016274;
}
APWITHINDEX {
820,-27.000000,-150.000000,10.000000,1.241550,-0.416428,0.000000,0.000000,-0.100769,0.040367;
}
APWITHINDEX {
821,-24.000000,-150.000000,10.000000,1.250531,-0.403308,0.000000,0.000000,-0.084693,0.063249;
}
APWITHINDEX {
822,-21.000000,-150.000000,10.000000,1.256191,-0.393157,0.000000,0.000000,-0.069109,0.085357;
}
APWITHINDEX {
823,-18.000000,-150.000000,10.000000,1.240962,-0.405164,0.000000,0.000000,-0.055485,0.104981;
}
APWITHINDEX {
824,-15.000000,-150.000000,10.000000,1.239571,-0.401212,0.000000,0.000000,-0.039707,0.126429;
}
APWITHINDEX {
825,-12.000000,-150.000000,10.000000,1.236298,-0.398214,0.000000,0.000000,-0.024362,0.147636;
}
APWITHINDEX {
826,-9.000000,-150.000000,10.000000,1.232035,-0.396152,0.000000,0.000000,-0.008975,0.168672;
}
APWITHINDEX {
827,-6.000000,-150.000000,10.000000,1.225574,-0.395061,0.000000,0.000000,0.006084,0.189653;
}
APWITHINDEX {
828,-3.000000,-150.000000,10.000000,1.214586,-0.399569,0.000000,0.000000,0.006783,0.208293;
}
APWITHINDEX {
829,0.000000,-150.000000,10.000000,1.136902,-0.466908,0.000983,0.000000,0.033777,0.229934;
}
APWITHINDEX {
830,3.000000,-150.000000,10.000000,1.127952,-0.466705,0.003657,0.000000,0.052702,0.253352;
}
APWITHINDEX {
831,6.000000,-150.000000,10.000000,1.136665,-0.446558,0.005753,0.000000,0.073319,0.276669;
}
APWITHINDEX {
832,9.000000,-150.000000,10.000000,1.144873,-0.433976,0.005993,0.000000,0.081919,0.294321;
}
APWITHINDEX {
833,12.000000,-150.000000,10.000000,1.474028,-0.061886,0.030520,0.000000,0.200000,0.284376;
}
APWITHINDEX {
834,15.000000,-150.000000,10.000000,1.457467,-0.068872,0.032670,0.000000,0.200000,0.305263;
}
APWITHINDEX {
835,18.000000,-150.000000,10.000000,1.441496,-0.076009,0.034803,0.000000,0.200000,0.324555;
}
APWITHINDEX {
836,21.000000,-150.000000,10.000000,1.425259,-0.083433,0.036927,0.000000,0.200000,0.343333;
}
APWITHINDEX {
837,24.000000,-150.000000,10.000000,1.407462,-0.092353,0.039275,0.000000,0.200000,0.363688;
}
APWITHINDEX {
838,27.000000,-150.000000,10.000000,1.389490,-0.102459,0.041673,0.000000,0.200000,0.384227;
}
APWITHINDEX {
839,30.000000,-150.000000,10.000000,1.369050,-0.112989,0.044052,0.000000,0.200000,0.405212;
}
APWITHINDEX {
584,21.000000,-130.000000,-1.000000,1.316580,-0.117986,0.040127,0.000000,0.200000,0.346574;
}
